1	2.3061515828419704E+001	2.8500000000000000E+001	0.0000000000000000E+000	0.0000000000000000E+000	4.5946483280850003E+000	5.0449145069860943E+000	8.5641943377567331E-001	4.1798953458702881E+000	7.5650774598751109E+000	5.3066507220305004E-001	2.6596614196039242E-001	7.2011618584200365E-001 
5	1.4079286028408518E+002	2.8499984491991228E+001	-1.5508008772258108E-005	-1.2444634200370495E-007	4.5773323802051218E+000	5.0060239631960579E+000	8.7160605764041077E-001	4.1495218618234633E+000	7.5579517257232451E+000	5.1391196882066537E-001	2.6596899225008674E-001	7.2011618584200376E-001 
10	3.6754116970020732E+002	2.8499956068181952E+001	-4.3931818048292826E-005	-1.2587306550138734E-007	4.5777203600067073E+000	5.0081218508429322E+000	8.7187904186067766E-001	4.1489754602490212E+000	7.5581067153246213E+000	5.1429558822608124E-001	2.6597427564041054E-001	7.2011618584200365E-001 
15	7.3272158949796631E+002	2.8499909605218182E+001	-9.0394781818048386E-005	-1.2817045671608880E-007	4.5790660508217051E+000	5.0112689465002322E+000	8.7076120805933188E-001	4.1512104198286837E+000	7.5600443140962605E+000	5.2037371208520511E-001	2.6598339090812040E-001	7.2011618584200343E-001 
20	1.3208483073864556E+003	2.8499832757362075E+001	-1.6724263792511351E-004	-1.3238117917399371E-007	4.5822132372673261E+000	5.0165366580717077E+000	8.6710069095382813E-001	4.1585302829958071E+000	7.5652202644444637E+000	5.3668122016066777E-001	2.6600135520979556E-001	7.2011618584200310E-001 
25	2.2680322678130465E+003	2.8499703309399724E+001	-2.9669060027615046E-004	-1.3931728567649872E-007	4.5870923403284296E+000	5.0232310730603853E+000	8.6068969232596026E-001	4.1713503076552856E+000	7.5738144947811392E+000	5.6353919035466360E-001	2.6604194911788276E-001	7.2011618584200177E-001 
30	3.7934815079196769E+003	2.8499484820865668E+001	-5.1517913433229978E-004	-1.4468514572756125E-007	4.5916821934136127E+000	5.0252775931499594E+000	8.5253324620037985E-001	4.1876598704427188E+000	7.5818916153287788E+000	5.8751270859642146E-001	2.6612953483492852E-001	7.2011618584199777E-001 
35	6.2502327636038071E+003	2.8499134172302696E+001	-8.6582769730370046E-004	-1.4042374567949784E-007	4.5931463555212906E+000	5.0162122375212634E+000	8.4507224417067650E-001	4.2025765310485932E+000	7.5849973610626620E+000	5.9526176667886144E-001	2.6628579200171115E-001	7.2011618584198434E-001 
40	1.0206855228395656E+004	2.8498598102076556E+001	-1.4018979234435847E-003	-1.3320828605345240E-007	4.5927229338949900E+000	5.0078533809636694E+000	8.4173965914448134E-001	4.2092335319219005E+000	7.5850075693804877E+000	5.9438211081559666E-001	2.6654582245824587E-001	7.2011618584193726E-001 
45	1.6579035274167578E+004	2.8497759039107230E+001	-2.2409608927702607E-003	-1.3127217945355827E-007	4.5924030251073580E+000	5.0064864783767780E+000	8.4169602542629862E-001	4.2093080125615003E+000	7.5845522122151703E+000	5.9279456627951299E-001	2.6696877471995478E-001	7.2011618584176174E-001 
50	2.6841494959683725E+004	2.8496413209555008E+001	-3.5867904449915500E-003	-1.3111072315950172E-007	4.5920751491174991E+000	5.0067593937792090E+000	8.4248823510723214E-001	4.2077030828097053E+000	7.5839233704017435E+000	5.9074104983238629E-001	2.6764318996210329E-001	7.2011618584105719E-001 
55	4.3369288907804330E+004	2.8494246293621398E+001	-5.7537063786021747E-003	-1.3111605475726001E-007	4.5915601731866822E+000	5.0072995364058990E+000	8.4378825828221182E-001	4.2050700107098651E+000	7.5830361818936183E+000	5.8781813606362321E-001	2.6871372326360188E-001	7.2011618583811055E-001 
60	6.9987466339192077E+004	2.8490754257421532E+001	-9.2457425784679970E-003	-1.3125467281534697E-007	4.5908212366581429E+000	5.0081925128273603E+000	8.4571261955002142E-001	4.2011680611131084E+000	7.5818401439203162E+000	5.8381922542958875E-001	2.7040686828765975E-001	7.2011618582542225E-001 
65	1.1285630727421635E+005	2.8485117424578739E+001	-1.4882575421260924E-002	-1.3167029654488664E-007	4.5898238458283966E+000	5.0096763437276755E+000	8.4844931665967116E-001	4.1956087341880952E+000	7.5803306871881553E+000	5.7863427366425280E-001	2.7307426764817144E-001	7.2011618576935399E-001 
70	1.8189700428848233E+005	2.8475987811301557E+001	-2.4012188698442571E-002	-1.3264613436414070E-007	4.5885527757972033E+000	5.0121478798001906E+000	8.5222722475831647E-001	4.1879137022685775E+000	7.5785873024726058E+000	5.7235917703394312E-001	2.7725900274060128E-001	7.2011618549639334E-001 
75	2.9308773723692790E+005	2.8461106151546886E+001	-3.8893848453113833E-002	-1.3468291537176681E-007	4.5870334290909076E+000	5.0162764256125234E+000	8.5733019107707242E-001	4.1774807463529049E+000	7.5767950844537841E+000	5.6531987159691577E-001	2.8380182344519950E-001	7.2011617577174369E-001 
80	4.7216152455772908E+005	2.8436570460669941E+001	-6.3429539330059015E-002	-1.3864191361052306E-007	4.5853099347270794E+000	5.0231917310318952E+000	8.6423483251441480E-001	4.1632969063274716E+000	7.5752540025491717E+000	5.5802863236823841E-001	2.9396804914184810E-001	7.2011503971074842E-001 
85	7.6056164977575268E+005	2.8395294600935184E+001	-1.0470539906481591E-001	-1.4619749238853256E-007	4.5834729937450929E+000	5.0347715255754499E+000	8.7369861175016517E-001	4.1437385087571297E+000	7.5743613593589583E+000	5.5102436850884939E-001	3.0983902327741347E-001	7.2007079100946225E-001 
90	1.2250329354406320E+006	2.8323498822334411E+001	-1.7650117766558893E-001	-1.6046098740704878E-007	4.5817914381850073E+000	5.0543366215091492E+000	8.8684427083718553E-001	4.1163477127824555E+000	7.5746788239306033E+000	5.4486688148198315E-001	3.3484905517279345E-001	7.1940646989898138E-001 
95	1.9730685857167770E+006	2.8190916263526656E+001	-3.0908373647334386E-001	-1.8929077335794235E-007	4.5809382909551308E+000	5.0880181015794212E+000	9.0539130533207413E-001	4.0772159343256789E+000	7.5770902910268632E+000	5.4015671326700809E-001	3.7508079778225423E-001	7.1450194772132591E-001 
100	3.1777874808430118E+006	2.7917337429936477E+001	-5.8266257006352262E-001	-2.5569641140184556E-007	4.5826657507967408E+000	5.1482004752164228E+000	9.3202757246735646E-001	4.0197082042838872E+000	7.5833470181185936E+000	5.3821598512882929E-001	4.4363881858210130E-001	6.9229208008427234E-001 
105	5.1048823726931931E+006	2.7216765153999773E+001	-1.2832348460002265E+000	-4.5571891363005226E-007	4.5858493158634834E+000	5.2630576522115540E+000	9.8308903083143717E-001	3.9065477976560463E+000	7.5993880391874660E+000	5.4805834652905627E-001	5.8827366467313758E-001	6.1953048554532497E-001 
107	5.9838710365330605E+006	2.6709808041361772E+001	-1.7901919586382284E+000	-6.2080073506065314E-007	4.5678605588992349E+000	5.3241985864481105E+000	1.0496370118782106E+000	3.7652860964921198E+000	7.6135419469148040E+000	5.7234103695106953E-001	7.0272341042381858E-001	5.8517935334451288E-001 
110	6.8716428419239018E+006	2.6020430282080184E+001	-2.4795697179198157E+000	-8.5202558887358788E-007	4.5095170649923890E+000	5.4035731685417447E+000	1.2060112907387213E+000	3.4411812458517961E+000	7.6400986016918884E+000	6.3543052565237934E-001	8.4916635593537326E-001	5.6578438692789523E-001 
115	7.4725215721349120E+006	2.5525179892056819E+001	-2.9748201079431809E+000	-7.6816687268544565E-007	4.4402515376196758E+000	5.4760256561379403E+000	1.3807685892822443E+000	3.0833209863657549E+000	7.7477839316507726E+000	9.5527592141124040E-001	9.8343174670441325E-001	5.5965460411649393E-001 
116	7.4886555940277791E+006	2.5509510747657949E+001	-2.9904892523420514E+000	-9.7118650903744160E-007	4.4637294002296724E+000	5.5213423534481834E+000	1.3564712127173730E+000	3.1316490572416384E+000	7.9426264686708521E+000	1.5702051106409567E+000	9.8662718837408148E-001	5.5954186355491031E-001 
120	7.4951866460900120E+006	2.5485994495744130E+001	-3.0140055042558700E+000	-1.5538984144599066E-005	4.0335564287750980E+000	5.5777212985813938E+000	2.2450066281931265E+000	1.3541776820022999E+000	8.1789326011285635E+000	2.3941931591518149E+000	9.8656456121594061E-001	5.5947677047729494E-001 
125	7.4959672904526582E+006	2.5482636544189770E+001	-3.0173634558102300E+000	-2.2356382961276248E-006	3.9533102286928123E+000	5.5946743243301498E+000	2.4139755412320758E+000	1.0161826309292259E+000	8.2026647837241597E+000	2.4713626447230164E+000	9.8641803861881194E-001	5.5946902500661944E-001 
130	7.4966518814820396E+006	2.5481673154648234E+001	-3.0183268453517655E+000	-9.1218613271103441E-007	3.9139533443811234E+000	5.6000669524839486E+000	2.4953856239323535E+000	8.5334604640068412E-001	8.2170063561889890E+000	2.5133495550033871E+000	9.8608761321411831E-001	5.5945873058281559E-001 
135	7.4977375798590621E+006	2.5480632220260823E+001	-3.0193677797391771E+000	-9.4725104527382690E-007	3.9063861994164801E+000	5.6010509518193130E+000	2.5110119135293236E+000	8.2207572577777144E-001	8.2248712734805061E+000	2.5321995310627106E+000	9.8533359220821937E-001	5.5944348742314587E-001 
140	7.4994861079522390E+006	2.5479048278023235E+001	-3.0209517219767648E+000	-9.3057555936265726E-007	3.8961384590648209E+000	5.6073719161738937E+000	2.5346678764099320E+000	7.7473680230515063E-001	8.2316087088687500E+000	2.5482814701291168E+000	9.8409223422488956E-001	5.5939248779637007E-001 
142	7.5004547482950054E+006	2.5478114782607769E+001	-3.0218852173922315E+000	-9.8153300652647600E-007	3.8929604200966792E+000	5.6105963402591490E+000	2.5426361663888426E+000	7.5878431047612216E-001	8.2363450860685834E+000	2.5617790398524232E+000	9.8339614881339021E-001	5.5935562478844914E-001 
145	7.5022183634982612E+006	2.5475132613955100E+001	-3.0248673860448996E+000	-2.6508228153073128E-006	3.8800209594151975E+000	5.6124410957357709E+000	2.5694374654901160E+000	7.0513087589090639E-001	8.2511323736408091E+000	2.6069548670908089E+000	9.8196581128486549E-001	5.5926436141530711E-001 
150	7.5047531966233868E+006	2.5427374997443742E+001	-3.0726250025562578E+000	-3.7294109128418554E-005	3.7615318843033179E+000	5.6052825330403637E+000	2.8028363343661722E+000	2.3751821265167197E-001	8.2744989452216977E+000	2.6786296017715574E+000	9.7737560644065546E-001	5.5867266807668048E-001 
155	7.5059590827799281E+006	2.5401481643108550E+001	-3.0985183568914501E+000	-7.9331140557413463E-006	3.7215218685561657E+000	5.6060698661550248E+000	2.8832500324178074E+000	7.6248337900572824E-002	8.2754327963280261E+000	2.6803916604012601E+000	9.7464044225521274E-001	5.5780224305655146E-001 
158	7.5066325725721177E+006	2.5395406630228926E+001	-3.1045933697710737E+000	-9.5039499178061021E-006	3.7099472523572259E+000	5.6088498928596229E+000	2.9077892781679862E+000	2.7065968203208970E-002	8.2758166885466729E+000	2.6810753317520373E+000	9.7299648702168551E-001	5.5747617910246205E-001 
160	7.5072012950247293E+006	2.5389544513891771E+001	-3.1104554861082292E+000	-1.0550470136545090E-005	3.7040191486072915E+000	5.6112543986773389E+000	2.9208477385767120E+000	8.4878599999364183E-004	8.2760854565396205E+000	2.6815485738998626E+000	9.7158324784258421E-001	5.5719276487290870E-001 
165	7.5092018902671020E+006	2.5365675502038513E+001	-3.1343244979614866E+000	-1.2648945229016992E-005	3.6931337925367504E+000	5.6158231835993213E+000	2.9449028431787849E+000	-4.7669900633559067E-002	8.2765354008987941E+000	2.6819794064457914E+000	9.6690591683074822E-001	5.5668667138315731E-001 
170	7.5124238689108975E+006	2.5322153835162375E+001	-3.1778461648376251E+000	-1.3883539915213353E-005	3.6879676800642374E+000	5.6176440230127147E+000	2.9561454878305087E+000	-7.0900979396115657E-002	8.2773785038415806E+000	2.6834444746880854E+000	9.5868623949816256E-001	5.5642773382562027E-001 
175	7.5176128977365131E+006	2.5248194509969050E+001	-3.2518054900309501E+000	-1.4388646062915028E-005	3.6860161193011165E+000	5.6185844316155915E+000	2.9605188136581897E+000	-8.0917946592842974E-002	8.2778161334612772E+000	2.6831927460387814E+000	9.4649845025020940E-001	5.5624079729447962E-001 
180	7.5259698805504590E+006	2.5126668676045806E+001	-3.3733313239541936E+000	-1.4555845559101780E-005	3.6856110123587471E+000	5.6195137792243912E+000	2.9617937013473274E+000	-8.5563136157084829E-002	8.2793654579655431E+000	2.6854166973766613E+000	9.2620383429262199E-001	5.5605257746232128E-001 
185	7.5394288849421469E+006	2.4930809679859578E+001	-3.5691903201404216E+000	-1.4568383204361370E-005	3.6861630748540239E+000	5.6212109612738841E+000	2.9615381673815202E+000	-8.8450598001177952E-002	8.2815803218431583E+000	2.6878564955140964E+000	8.9310307388293808E-001	5.5583313195435735E-001 
190	7.5611047461050041E+006	2.4620243577046672E+001	-3.8797564229533279E+000	-1.4145011598839672E-005	3.6885305648212716E+000	5.6239308895480766E+000	2.9581631515841216E+000	-8.7144604504905826E-002	8.2851399692608378E+000	2.6915011838405416E+000	8.4107430160032071E-001	5.5543674842836011E-001 
195	7.5795042530063819E+006	2.4364510872573931E+001	-4.1354891274260694E+000	-1.3722216474568340E-005	3.6914296048872344E+000	5.6264238025170226E+000	2.9536115279366699E+000	-8.2576005293048427E-002	8.2883567267163052E+000	2.6951727316975367E+000	7.9719895253855666E-001	5.5503278674285472E-001 
196	7.5824087046596650E+006	2.4325146131194877E+001	-4.1748538688051227E+000	-1.3553243805782279E-005	3.6920238516469670E+000	5.6267956467041929E+000	2.9526089565107894E+000	-8.1273101673986742E-002	8.2889020609833715E+000	2.6958777969496137E+000	7.8993894783216612E-001	5.5492664440658968E-001 
200	7.5921742535028653E+006	2.4195292938364148E+001	-4.3047070616358525E+000	-1.3155730939069224E-005	3.6940373191239479E+000	5.6280678077240935E+000	2.9492181020667778E+000	-7.6815966133819025E-002	8.2905220841401484E+000	2.6975916319805027E+000	7.6781674241454434E-001	5.5463314068265945E-001 
205	7.6047170232735146E+006	2.4032698624386676E+001	-4.4673013756133244E+000	-1.2868521711511572E-005	3.6959887223166583E+000	5.6297711030397553E+000	2.9461669433391879E+000	-7.3641992928443617E-002	8.2927359071630207E+000	2.7002581174179281E+000	7.3906617761663285E-001	5.5429227640684153E-001 
210	7.6184918436535159E+006	2.3858640817450393E+001	-4.6413591825496070E+000	-1.2523455227101117E-005	3.6978479473581265E+000	5.6315307019776366E+000	2.9433282927251909E+000	-7.1121532949983648E-002	8.2952046110980202E+000	2.7033776844750808E+000	7.0792474287682550E-001	5.5376670576654163E-001 
215	7.6326462255419279E+006	2.3685016599323639E+001	-4.8149834006763612E+000	-1.2069927080820445E-005	3.7008429886005985E+000	5.6335057270621576E+000	2.9383257227825084E+000	-6.4288398718394035E-002	8.2977994080368411E+000	2.7068215000102094E+000	6.7678669300903882E-001	5.5319070233466461E-001 
220	7.6468596763851764E+006	2.3515760365664640E+001	-4.9842396343353599E+000	-1.1810944392279946E-005	3.7031180563090107E+000	5.6354401449613052E+000	2.9347427963152581E+000	-6.0237213299929829E-002	8.3005532494366072E+000	2.7108212569775727E+000	6.4452216397595252E-001	5.5242345922267488E-001 
225	7.6608126167066842E+006	2.3354842534564305E+001	-5.1451574654356946E+000	-1.1416096639451873E-005	3.7050877274059260E+000	5.6372725471521505E+000	2.9317196552168494E+000	-5.7173013532090013E-002	8.3032220005293293E+000	2.7146871725488300E+000	6.1454637321429839E-001	5.5170179128250163E-001 
230	7.6756351053906726E+006	2.3187551563374218E+001	-5.3124484366257825E+000	-1.1181063744859612E-005	3.7070255574750610E+000	5.6392280020857060E+000	2.9288217225453570E+000	-5.4499198953982766E-002	8.3061543916070359E+000	2.7191878969740566E+000	5.8258141599793400E-001	5.5078873995545419E-001 
235	7.6910969369511520E+006	2.3017565697411211E+001	-5.4824343025887892E+000	-1.0862043338264659E-005	3.7100634875047307E+000	5.6412445227011627E+000	2.9237541227937469E+000	-4.7559500773027619E-002	8.3094212325707026E+000	2.7246388741883965E+000	5.4837809109190860E-001	5.4965933858473304E-001 
240	7.7069456362604341E+006	2.2851308468352073E+001	-5.6486915316479269E+000	-1.0339489943839982E-005	3.7129992942295402E+000	5.6431908832132889E+000	2.9188556896001900E+000	-4.0910952921192734E-002	8.3128503110744010E+000	2.7305749017678762E+000	5.1422135895047216E-001	5.4855180896408884E-001 
245	7.7232205995184649E+006	2.2686573745835673E+001	-5.8134262541643267E+000	-9.9299500338384120E-006	3.7162484585427777E+000	5.6451859195532688E+000	2.9133548791437058E+000	-3.3051493636104115E-002	8.3163696187534093E+000	2.7367482128465772E+000	4.8105059550074963E-001	5.4725484487264764E-001 
250	7.7390855070937090E+006	2.2533384585340855E+001	-5.9666154146591452E+000	-9.4860643805103158E-006	3.7199501005565252E+000	5.6471323936972384E+000	2.9069248321881953E+000	-2.3133881940756648E-002	8.3198046653607278E+000	2.7428805173249136E+000	4.4995683206627562E-001	5.4568385170922351E-001 
255	7.7564192408106038E+006	2.2373297314522603E+001	-6.1267026854773974E+000	-9.0636069954360576E-006	3.7232827205457841E+000	5.6491479731688186E+000	2.9012673819454680E+000	-1.4915416547717939E-002	8.3240926709537657E+000	2.7513868014529330E+000	4.1391475147790818E-001	5.4358460739863512E-001 
260	7.7747135409963243E+006	2.2211762186843373E+001	-6.2882378131566270E+000	-8.6543331778823210E-006	3.7265473997726053E+000	5.6512151643921209E+000	2.8957716191034764E+000	-7.0708697994643459E-003	8.3286413911956245E+000	2.7605680309947287E+000	3.7804938848853398E-001	5.4127372931549189E-001 
265	7.7937697567989267E+006	2.2051492752639007E+001	-6.4485072473609932E+000	-8.2442038523386850E-006	3.7302424048383878E+000	5.6533536158424997E+000	2.8894508346971008E+000	2.4256779266660137E-003	8.3337205152361911E+000	2.7713333750560909E+000	3.4114488384876446E-001	5.3832590560201499E-001 
270	7.8138022054036204E+006	2.1890583809842802E+001	-6.6094161901571979E+000	-7.8341664296557843E-006	3.7341090658333198E+000	5.6554977460224087E+000	2.8827895777971912E+000	1.2567541936341799E-002	8.3394493833873291E+000	2.7840839056689539E+000	3.0230608737652664E-001	5.3498681943982374E-001 
275	7.8355029837532863E+006	2.1724191914249545E+001	-6.7758080857504552E+000	-7.5297680267054304E-006	3.7370641478491411E+000	5.6577186268687090E+000	2.8779898541886983E+000	1.8853275785458215E-002	8.3459853855681132E+000	2.7990604912313426E+000	2.6355614365299018E-001	5.3028817464558320E-001 
280	7.8553237628663685E+006	2.1578004138826504E+001	-6.9219958611734960E+000	-7.2990935183116926E-006	3.7405853081445550E+000	5.6598108196273706E+000	2.8719936299772022E+000	2.7913365521086423E-002	8.3519961985337510E+000	2.8130133031035798E+000	2.3167976695247453E-001	5.2478238203715177E-001 
285	7.8766805735240793E+006	2.1425767258602896E+001	-7.0742327413971040E+000	-7.0785709722423137E-006	3.7419642270197047E+000	5.6618943236033745E+000	2.8702775442149040E+000	2.8270647980471610E-002	8.3586369217433294E+000	2.8287331795247717E+000	2.0039711828325871E-001	5.1738768922966083E-001 
290	7.8992738442073911E+006	2.1265695248902450E+001	-7.2343047510975502E+000	-7.1095125447852131E-006	3.7416682520243505E+000	5.6639997670471907E+000	2.8719222159275208E+000	2.1724507424304752E-002	8.3675603138083012E+000	2.8514929284632831E+000	1.6364616342813851E-001	5.0873683945333803E-001 
295	7.9260719311088435E+006	2.1075470328856156E+001	-7.4245296711438442E+000	-7.1005116569939516E-006	3.7423616735387810E+000	5.6664984824737470E+000	2.8717847306119384E+000	1.8097167488291745E-002	8.3790476219000460E+000	2.8815385244474130E+000	1.2526630230605965E-001	4.9565922241311933E-001 
300	7.9544016691916268E+006	2.0872936461224334E+001	-7.6270635387756656E+000	-7.2046601980444375E-006	3.7412322166413974E+000	5.6692090855166528E+000	2.8753989459281581E+000	6.6750126441266636E-003	8.3914489006706958E+000	2.9142914629367112E+000	9.4370743356005898E-002	4.7862581511510227E-001 
305	7.9783200615345128E+006	2.0696192184018209E+001	-7.8038078159817914E+000	-7.4913278232607976E-006	3.7389257328782661E+000	5.6717166351953310E+000	2.8812656882937597E+000	-8.7515746058815843E-003	8.4071221816465087E+000	2.9581645879423140E+000	6.3920389847255316E-002	4.6185839024378472E-001 
310	7.9978242277600653E+006	2.0545373489994432E+001	-7.9546265100055678E+000	-7.9010612156613659E-006	3.7353239189771932E+000	5.6741886485430300E+000	2.8897053227697547E+000	-2.8807251509303296E-002	8.4219703151424063E+000	3.0003684447858872E+000	4.4301517310376973E-002	4.4790522751301670E-001 
315	8.0148712666659234E+006	2.0406386706677445E+001	-8.0936132933225551E+000	-8.3067401252946389E-006	3.7337817199850027E+000	5.6771515837277455E+000	2.8942711883464933E+000	-4.0886910884851212E-002	8.4416280619270996E+000	3.0577887676479123E+000	2.5828534706357792E-002	4.3721053735239146E-001 
320	8.0302992386788735E+006	2.0288375417180269E+001	-8.2116245828197307E+000	-6.7456801514712097E-006	3.7547875017561982E+000	5.6829935274959062E+000	2.8551805966881831E+000	3.4775432520994243E-002	8.4776864306769273E+000	3.1655946683693403E+000	7.4533586471318856E-003	4.2342327574704230E-001 
325	8.0334852745990865E+006	2.0271106255354113E+001	-8.2288937446458874E+000	-5.2607613921521434E-006	3.7814663955114924E+000	5.6855114442681858E+000	2.8030817675637345E+000	1.3860326838399709E-001	8.4941147247088846E+000	3.2153146066807765E+000	3.5552095725212094E-003	4.0716598020442402E-001 
330	8.0371727819942860E+006	2.0251792203255832E+001	-8.2482077967441683E+000	-5.3470123716934844E-006	3.7772447047556419E+000	5.6892341129378474E+000	2.8133864834102655E+000	1.1757984918245505E-001	8.5679419329358986E+000	3.4410125586432261E+000	1.0893659318775625E-005	4.0242462578363775E-001 
335	8.0389696069451869E+006	2.0241675440757827E+001	-8.2583245592421726E+000	-5.4924839772604433E-006	3.7655254548222192E+000	5.7014275819006377E+000	2.8429217177585073E+000	5.8292374905829669E-002	8.6576856582669794E+000	3.7210521569474180E+000	1.9627040740750017E-016	3.8991564329727063E-001 
340	8.0399265613745963E+006	2.0236358466767918E+001	-8.2636415332320823E+000	-5.4713051514781223E-006	3.7711462666664208E+000	5.7173195175805782E+000	2.8396260619100744E+000	6.4769593488252231E-002	8.7027113223067918E+000	3.8647913070500897E+000	8.4194064386943503E-016	3.8329758392501306E-001 
345	8.0407063984661140E+006	2.0232276606219926E+001	-8.2677233937800736E+000	-4.6729108402190488E-006	3.8084136138920992E+000	5.7322414578001109E+000	2.7725523375684826E+000	1.9882943212406370E-001	8.7394544613010972E+000	3.9865121852325225E+000	2.9088659219052287E-015	3.7827423729392201E-001 
350	8.0414116196557116E+006	2.0229770326773242E+001	-8.2702296732267584E+000	-4.3534877224973600E-006	3.8616442349936655E+000	5.7414880551154077E+000	2.6707143940229994E+000	4.0245151752096425E-001	8.7726988167022490E+000	4.1091706860116286E+000	9.2425683836119118E-015	3.7356110032816880E-001 
355	8.0420915832255026E+006	2.0226953200911769E+001	-8.2730467990882310E+000	-3.3019491562699461E-006	3.8744571796837195E+000	5.7465299378514603E+000	2.6476094460109176E+000	4.4860093102890974E-001	8.8071066129188651E+000	4.2761878780418092E+000	3.1558356038305274E-014	3.7241832322976498E-001 
360	8.0423625952419527E+006	2.0226204620803777E+001	-8.2737953791962227E+000	-2.4989608872081141E-006	3.8788945966298720E+000	5.7473014752090164E+000	2.6391203807973902E+000	4.6556298833694443E-001	8.8223754396857395E+000	4.3813638924084994E+000	5.4942231092213681E-014	3.7198984446609373E-001 
365	8.0426986999728018E+006	2.0225455510684792E+001	-8.2745444893152076E+000	-2.0383031540429135E-006	3.8818188680759000E+000	5.7414598448967480E+000	2.6303510227491995E+000	4.8308561933867228E-001	8.8892543649233620E+000	4.8031625090880885E+000	6.0513753852683737E-013	3.7163233203929991E-001 
370	8.0427328511090167E+006	2.0225389872754477E+001	-8.2746101272455235E+000	-1.8424071676684928E-006	3.8830486717559083E+000	5.7437547866846232E+000	2.6290388862831224E+000	4.8570848284708457E-001	8.9659126340279194E+000	5.1375583912261789E+000	2.2098454672838639E-012	3.7152795222227852E-001 
375	8.0427360325746424E+006	2.0225383997194385E+001	-8.2746160028056153E+000	-1.8478975903980892E-006	3.8834006934885181E+000	5.7468873430828928E+000	2.6299011210170371E+000	4.8398388721487906E-001	8.9922602619099141E+000	5.2679938561204311E+000	1.3844333613775182E-012	3.7151696587437910E-001 
380	8.0427387753801942E+006	2.0225379018381926E+001	-8.2746209816180745E+000	-1.7093687561658758E-006	3.8834767092901079E+000	5.7500812820898481E+000	2.6313460589173339E+000	4.8109390450550932E-001	9.0536305779401527E+000	5.6199365472930651E+000	9.9839562511648150E-014	3.7150610405900036E-001 
385	8.0427393225677162E+006	2.0225378200714278E+001	-8.2746217992857218E+000	-7.3067854380636513E-007	3.8826206259617044E+000	5.7603336964906999E+000	2.6381844327745676E+000	4.6741713923346961E-001	9.2295333040947440E+000	6.3215181162052092E+000	5.8750127715047960E-012	3.7150365864437834E-001 
390	8.0427393401512410E+006	2.0225378192437709E+001	-8.2746218075622906E+000	-1.3407523315432439E-007	3.8818431034849885E+000	5.7687697811063057E+000	2.6439575200358019E+000	4.5587096453328046E-001	9.2951331758195543E+000	6.5015664345452748E+000	3.6637019976433431E-011	3.7150357693666503E-001 
395	8.0427393440313116E+006	2.0225378192386010E+001	-8.2746218076139897E+000	0.0000000000000000E+000	3.8816104385232104E+000	5.7716396120839759E+000	2.6458577654481945E+000	4.5207047370738512E-001	9.3202856617754257E+000	6.4866273651439617E+000	1.5044116623147301E-010	3.7150355845363908E-001 
400	8.0427393485290036E+006	2.0225378192386010E+001	-8.2746218076139897E+000	0.0000000000000000E+000	3.8814497259112444E+000	5.7737273995782896E+000	2.6472230844192817E+000	4.4933983576521114E-001	9.3278815062110443E+000	6.4256146318471981E+000	1.9682001514014038E-010	3.7150353700301508E-001 
405	8.0427393551801993E+006	2.0225378192386010E+001	-8.2746218076139897E+000	0.0000000000000000E+000	3.8813543124736216E+000	5.7753399106225594E+000	2.6482201668166638E+000	4.4734567097044647E-001	9.3314328691106461E+000	6.3875194475888657E+000	2.4336254351029144E-010	3.7150350544660632E-001 
410	8.0427393619978800E+006	2.0225378192386010E+001	-8.2746218076139897E+000	0.0000000000000000E+000	3.8812985173752144E+000	5.7758673918900572E+000	2.6485954976472268E+000	4.4659500930932067E-001	9.3353848557430013E+000	6.3765704704292707E+000	2.2940447661853284E-010	3.7150347336167672E-001 
415	8.0427393680943009E+006	2.0225378192386010E+001	-8.2746218076139897E+000	0.0000000000000000E+000	3.8812596977418465E+000	5.7762051611927046E+000	2.6488420215652861E+000	4.4610196147320164E-001	9.3388895937065968E+000	6.3760852908443439E+000	2.1164712374097075E-010	3.7150344483906517E-001 
420	8.0427393735952908E+006	2.0225378192386010E+001	-8.2746218076139897E+000	0.0000000000000000E+000	3.8812060055845063E+000	5.7766903026895724E+000	2.6491919766284000E+000	4.4540205134697458E-001	9.3423915949322236E+000	6.3823572219453766E+000	1.9257223105026282E-010	3.7150341917631136E-001 
425	8.0427393789703920E+006	2.0225378192386010E+001	-8.2746218076139897E+000	0.0000000000000000E+000	3.8811376260804549E+000	5.7773128669476579E+000	2.6496400177655461E+000	4.4450596907268219E-001	9.3460556309453757E+000	6.3914138677694528E+000	1.7835672023293309E-010	3.7150339412862010E-001 
430	8.0427393847992653E+006	2.0225378192386010E+001	-8.2746218076139897E+000	0.0000000000000000E+000	3.8809605135169361E+000	5.7789422822036105E+000	2.6508089505205592E+000	4.4216810356265579E-001	9.3509790815333691E+000	6.4067531440967489E+000	1.7522187792997958E-010	3.7150336684120522E-001 
435	8.0427393889261791E+006	2.0225378192386010E+001	-8.2746218076139897E+000	0.0000000000000000E+000	3.8808614990415786E+000	5.7798888441117819E+000	2.6514802604253602E+000	4.4082548375305419E-001	9.3562328722751005E+000	6.4233995633224135E+000	1.9053620374970422E-010	3.7150334734261237E-001 
440	8.0427393928712979E+006	2.0225378192386010E+001	-8.2746218076139897E+000	0.0000000000000000E+000	3.8808189983606263E+000	5.7803330749868396E+000	2.6517873772247933E+000	4.4021125015418788E-001	9.3601084117134299E+000	6.4342625233244712E+000	2.1050481270191391E-010	3.7150332871134928E-001 
445	8.0427393962502014E+006	2.0225378192386010E+001	-8.2746218076139897E+000	0.0000000000000000E+000	3.8808031506966141E+000	5.7805066010143493E+000	2.6519058355665734E+000	4.3997433347062720E-001	9.3662432763692980E+000	6.4548976704062797E+000	2.7057818984036232E-010	3.7150331281339016E-001 
450	8.0427393994863955E+006	2.0225378192386010E+001	-8.2746218076139897E+000	0.0000000000000000E+000	3.8807914659033589E+000	5.7805924402561040E+000	2.6519721247739598E+000	4.3984175505585438E-001	9.3715687503616678E+000	6.4721776407553469E+000	3.4390043273791502E-010	3.7150329764587314E-001 
455	8.0427394024028275E+006	2.0225378192386010E+001	-8.2746218076139897E+000	0.0000000000000000E+000	3.8808021220689892E+000	5.7805045371564709E+000	2.6519068608928840E+000	4.3997228281800604E-001	9.3805864582244531E+000	6.5038907994276220E+000	5.7808647069820734E-010	3.7150328398439653E-001 
460	8.0427394048278015E+006	2.0225378192386010E+001	-8.2746218076139897E+000	0.0000000000000000E+000	3.8808155262858186E+000	5.7803836481218269E+000	2.6518196079419023E+000	4.4014678871996993E-001	9.3936721060989150E+000	6.5537695461476773E+000	1.2766941819290934E-009	3.7150327267463457E-001 
465	8.0427394068608452E+006	2.0225378192386010E+001	-8.2746218076139897E+000	0.0000000000000000E+000	3.8808337273743141E+000	5.7801918984975842E+000	2.6516873309527904E+000	4.4041134269819388E-001	9.4173210501239186E+000	6.6548711752267531E+000	5.6051506610800219E-009	3.7150326325932409E-001 
470	8.0427394082326358E+006	2.0225378192386010E+001	-8.2746218076139897E+000	0.0000000000000000E+000	3.8807643351455203E+000	5.7806981795462384E+000	2.6520792559347055E+000	4.3962749273436347E-001	9.4517838568987429E+000	6.8799968846727966E+000	3.5007028541789947E-008	3.7150325697216813E-001 
475	8.0427394087129217E+006	2.0225378192386010E+001	-8.2746218076139897E+000	0.0000000000000000E+000	3.8805078189385811E+000	5.7831281823366387E+000	2.6538072897437841E+000	4.3617142511620616E-001	9.4658669756396403E+000	6.9989078148540500E+000	6.7537762076817090E-008	3.7150325471030310E-001 
480	8.0427394089018656E+006	2.0225378192386010E+001	-8.2746218076139897E+000	0.0000000000000000E+000	3.8804324355629394E+000	5.7838143200680685E+000	2.6543011253607829E+000	4.3518375388220870E-001	9.4716908870226266E+000	7.0503148167354928E+000	8.4158694201756188E-008	3.7150325379636123E-001 
485	8.0427394090621974E+006	2.0225378192386010E+001	-8.2746218076139897E+000	0.0000000000000000E+000	3.8803686220046618E+000	5.7841654780371305E+000	2.6546043314618686E+000	4.3457734168003737E-001	9.4764895552943393E+000	7.0958232100270742E+000	9.6063961719998635E-008	3.7150325301150161E-001 
490	8.0427394091575965E+006	2.0225378192386010E+001	-8.2746218076139897E+000	0.0000000000000000E+000	3.8803425481608982E+000	5.7843984812883553E+000	2.6547729807750082E+000	4.3424004305375785E-001	9.4776870317853135E+000	7.1241969121860302E+000	9.2451464979577365E-008	3.7150325253834948E-001 
495	8.0427394092957731E+006	2.0225378192386010E+001	-8.2746218076139897E+000	0.0000000000000000E+000	3.8803039323984558E+000	5.7847444006078934E+000	2.6550231719596615E+000	4.3373966068445124E-001	9.4832691212890126E+000	7.1608274162281615E+000	1.0957585673382091E-007	3.7150325183136584E-001 
500	8.0427394094453333E+006	2.0225378192386010E+001	-8.2746218076139897E+000	0.0000000000000000E+000	3.8802515685834678E+000	5.7852244108715087E+000	2.6553679047214453E+000	4.3305019516088378E-001	9.4862081890089751E+000	7.1981903460345587E+000	1.1492268516289226E-007	3.7150325102628290E-001 
505	8.0427394095823364E+006	2.0225378192386010E+001	-8.2746218076139897E+000	0.0000000000000000E+000	3.8801969894919925E+000	5.7857264490485942E+000	2.6557280819929381E+000	4.3232984061789814E-001	9.4866496656165236E+000	7.2264985082341422E+000	9.9913898865324350E-008	3.7150325026188857E-001 
510	8.0427394097310286E+006	2.0225378192386010E+001	-8.2746218076139897E+000	0.0000000000000000E+000	3.8801447290080353E+000	5.7862027415213158E+000	2.6560707491972133E+000	4.3164450620934808E-001	9.4838491431195386E+000	7.2482142266494645E+000	7.3451447899038726E-008	3.7150324941437529E-001 
515	8.0427394099014718E+006	2.0225378192386010E+001	-8.2746218076139897E+000	0.0000000000000000E+000	3.8800856558027621E+000	5.7867412537236937E+000	2.6564581517089487E+000	4.3086970118587642E-001	9.4789503109413698E+000	7.2652761368809413E+000	4.8888968920791853E-008	3.7150324844095112E-001 
520	8.0427394100870620E+006	2.0225378192386010E+001	-8.2746218076139897E+000	0.0000000000000000E+000	3.8800292881073650E+000	5.7872494691190415E+000	2.6568249947974163E+000	4.3013601500894155E-001	9.4718633790495357E+000	7.2829283590328222E+000	2.8419885403159746E-008	3.7150324739018670E-001 
525	8.0427394103595633E+006	2.0225378192386010E+001	-8.2746218076139897E+000	0.0000000000000000E+000	3.8799553818662846E+000	5.7879130482855468E+000	2.6573045968628302E+000	4.2917681087811371E-001	9.4637386315044818E+000	7.3006309496727457E+000	1.5297559085652535E-008	3.7150324586921413E-001 
530	8.0427394106787397E+006	2.0225378192386010E+001	-8.2746218076139897E+000	0.0000000000000000E+000	3.8798703316062779E+000	5.7886839469739595E+000	2.6578601467270504E+000	4.2806571114967379E-001	9.4517404890619421E+000	7.3057943607741835E+000	6.5190173537908092E-009	3.7150324411960584E-001 
535	8.0427394111927757E+006	2.0225378192386010E+001	-8.2746218076139897E+000	0.0000000000000000E+000	3.8797705591386431E+000	5.7895809429246432E+000	2.6585081896376610E+000	4.2676962532845225E-001	9.4447029075670699E+000	7.3345999125083434E+000	3.6307974056505650E-009	3.7150324136264756E-001 
540	8.0427394120206349E+006	2.0225378192386010E+001	-8.2746218076139897E+000	0.0000000000000000E+000	3.8796457713689043E+000	5.7907414177212502E+000	2.6593380025754434E+000	4.2510999945288774E-001	9.4394618442415297E+000	7.3824836156537526E+000	2.1594693048745402E-009	3.7150323704441379E-001 
545	8.0427394131153673E+006	2.0225378192386010E+001	-8.2746218076139897E+000	0.0000000000000000E+000	3.8795265289591065E+000	5.7919255962786966E+000	2.6601685766737622E+000	4.2344885125625026E-001	9.4376578913041751E+000	7.4439102433797792E+000	1.5751828357394151E-009	3.7150323145870146E-001 
550	8.0427394137307918E+006	2.0225378192386010E+001	-8.2746218076139897E+000	0.0000000000000000E+000	3.8794703924318577E+000	5.7925105403743888E+000	2.6605733217761052E+000	4.2263936105156363E-001	9.4373287542754785E+000	7.4751542739021914E+000	1.3990447071196910E-009	3.7150322834824018E-001 
555	8.0427394144156892E+006	2.0225378192386010E+001	-8.2746218076139897E+000	0.0000000000000000E+000	3.8794233285890112E+000	5.7930220272097674E+000	2.6609231928794879E+000	4.2193961884479847E-001	9.4388201276185519E+000	7.5118927377107676E+000	1.3941537367379989E-009	3.7150322489919668E-001 
560	8.0427394152132049E+006	2.0225378192386010E+001	-8.2746218076139897E+000	0.0000000000000000E+000	3.8793757287415875E+000	5.7935530111623414E+000	2.6612838845506230E+000	4.2121823550252852E-001	9.4401801388933553E+000	7.5506337647105450E+000	1.3661362792233016E-009	3.7150322089281801E-001 
565	8.0427394161099521E+006	2.0225378192386010E+001	-8.2746218076139897E+000	0.0000000000000000E+000	3.8793384801427120E+000	5.7939890049920875E+000	2.6615763786632467E+000	4.2063324727728102E-001	9.4436934271522031E+000	7.5970663644598719E+000	1.5264887547806711E-009	3.7150321639031647E-001 
570	8.0427394168388592E+006	2.0225378192386010E+001	-8.2746218076139897E+000	0.0000000000000000E+000	3.8793196513598307E+000	5.7942291209411794E+000	2.6617340942035543E+000	4.2031781619666569E-001	9.4491312503501153E+000	7.6405945123543155E+000	1.9669036357685493E-009	3.7150321272800674E-001 
575	8.0427394171254188E+006	2.0225378192386010E+001	-8.2746218076139897E+000	0.0000000000000000E+000	3.8793134894711527E+000	5.7943091039061985E+000	2.6617864094634198E+000	4.2021318567693483E-001	9.4521246037767206E+000	7.6599383939755619E+000	2.2879315304357331E-009	3.7150321128728520E-001 
580	8.0427394173301449E+006	2.0225378192386010E+001	-8.2746218076139897E+000	0.0000000000000000E+000	3.8792992562040856E+000	5.7944630200584601E+000	2.6618918340736850E+000	4.2000233645640428E-001	9.4550935491851753E+000	7.6760481247004932E+000	2.6793852733583119E-009	3.7150321025705885E-001 
585	8.0427394176017344E+006	2.0225378192386010E+001	-8.2746218076139897E+000	0.0000000000000000E+000	3.8792790926055596E+000	5.7946730124197998E+000	2.6620371574514081E+000	4.1971168970095846E-001	9.4603245737942885E+000	7.7010794460377641E+000	3.5603093732410264E-009	3.7150320888619737E-001 
590	8.0427394178542420E+006	2.0225378192386010E+001	-8.2746218076139897E+000	0.0000000000000000E+000	3.8792753056520910E+000	5.7947213097224708E+000	2.6620688800096799E+000	4.1964824458441491E-001	9.4674818394563776E+000	7.7307875017334835E+000	5.2764698780684679E-009	3.7150320760920091E-001 
595	8.0427394180222321E+006	2.0225378192386010E+001	-8.2746218076139897E+000	0.0000000000000000E+000	3.8792873963357470E+000	5.7946113411119313E+000	2.6619897143370972E+000	4.1980657592958021E-001	9.4749695528519045E+000	7.7579619201263421E+000	7.9596195225556992E-009	3.7150320676014137E-001 
600	8.0427394181950232E+006	2.0225378192386010E+001	-8.2746218076139897E+000	0.0000000000000000E+000	3.8793188904359348E+000	5.7943148768307653E+000	2.6617784939961395E+000	4.2022901661149575E-001	9.4894030694733651E+000	7.8027756461038509E+000	1.7213296148140956E-008	3.7150320588903968E-001 
605	8.0427394182385840E+006	2.0225378192386010E+001	-8.2746218076139897E+000	0.0000000000000000E+000	3.8793283646252896E+000	5.7942270596131005E+000	2.6617156370085975E+000	4.2035473058657896E-001	9.4945615621233568E+000	7.8171495530968125E+000	2.2465189258078631E-008	3.7150320567317868E-001 
610	8.0427394182648240E+006	2.0225378192386010E+001	-8.2746218076139897E+000	0.0000000000000000E+000	3.8793356394924117E+000	5.7941563504110905E+000	2.6616657326733484E+000	4.2045453925707804E-001	9.4982250113356219E+000	7.8267511414705853E+000	2.7060846612522096E-008	3.7150320554153343E-001 
615	8.0427394183070818E+006	2.0225378192386010E+001	-8.2746218076139897E+000	0.0000000000000000E+000	3.8793479370340527E+000	5.7940403655400194E+000	2.6615831451545309E+000	4.2061971429471307E-001	9.5051474738804362E+000	7.8424491868095512E+000	3.8280805594355116E-008	3.7150320532980713E-001 
620	8.0427394183652634E+006	2.0225378192386010E+001	-8.2746218076139897E+000	0.0000000000000000E+000	3.8793651405296838E+000	5.7938793247339779E+000	2.6614682177602482E+000	4.2084956908327797E-001	9.5202319024517816E+000	7.8617755854193110E+000	8.6160119705656299E-008	3.7150320503876905E-001 
625	8.0427394184040781E+006	2.0225378192386010E+001	-8.2746218076139897E+000	0.0000000000000000E+000	3.8793800907044211E+000	5.7937373203048148E+000	2.6613673151961916E+000	4.2105137421139127E-001	9.5393862399776843E+000	7.8690853882903120E+000	2.7183218258587204E-007	3.7150320484497201E-001 
630	8.0427394184232326E+006	2.0225378192386010E+001	-8.2746218076139897E+000	0.0000000000000000E+000	3.8793840796452814E+000	5.7937015027549670E+000	2.6613414285395467E+000	4.2110314752468087E-001	9.5576193986304254E+000	7.8613936776407023E+000	9.0178219897867298E-007	3.7150320474946374E-001 
635	8.0427394184362050E+006	2.0225378192386010E+001	-8.2746218076139897E+000	0.0000000000000000E+000	3.8793818193361389E+000	5.7937268284386345E+000	2.6613586119996655E+000	4.2106878060444353E-001	9.5717584371770226E+000	7.8363488293561279E+000	2.4969037187496626E-006	3.7150320468481068E-001 
640	8.0427394184416542E+006	2.0225378192386010E+001	-8.2746218076139897E+000	0.0000000000000000E+000	3.8793781838058972E+000	5.7937655315051924E+000	2.6613852345934284E+000	4.2101553541691727E-001	9.5767972135251025E+000	7.8179413739036487E+000	3.6833557309449897E-006	3.7150320465765230E-001 
645	8.0427394184442712E+006	2.0225378192386010E+001	-8.2746218076139897E+000	0.0000000000000000E+000	3.8793761657041017E+000	5.7937863453342331E+000	2.6613996777115396E+000	4.2098664918069495E-001	9.5788494408967075E+000	7.8071484191048297E+000	4.3626049472519752E-006	3.7150320464459391E-001 
650	8.0427394184468435E+006	2.0225378192386010E+001	-8.2746218076139897E+000	0.0000000000000000E+000	3.8793732888680732E+000	5.7938146735996234E+000	2.6614195955162914E+000	4.2094681357119196E-001	9.5803317181656524E+000	7.7950459862452854E+000	5.0001482219804136E-006	3.7150320463176473E-001 
655	8.0427394184497753E+006	2.0225378192386010E+001	-8.2746218076139897E+000	0.0000000000000000E+000	3.8793690869196880E+000	5.7938567493442061E+000	2.6614490372853541E+000	4.2088793003306652E-001	9.5815716256404162E+000	7.7805482504475352E+000	5.6832977515803347E-006	3.7150320461713876E-001 
660	8.0427394184535146E+006	2.0225378192386010E+001	-8.2746218076139897E+000	0.0000000000000000E+000	3.8793642481714041E+000	5.7939066163688562E+000	2.6614836482942463E+000	4.2081870801528171E-001	9.5825290847438342E+000	7.7618767172422256E+000	6.4300948256599605E-006	3.7150320459848002E-001 
665	8.0427394184585987E+006	2.0225378192386010E+001	-8.2746218076139897E+000	0.0000000000000000E+000	3.8793576701121286E+000	5.7939734873282962E+000	2.6615302398925182E+000	4.2072552481873815E-001	9.5829498980752454E+000	7.7372772648082053E+000	7.1685899642435701E-006	3.7150320457308711E-001 
670	8.0427394184662644E+006	2.0225378192386010E+001	-8.2746218076139897E+000	0.0000000000000000E+000	3.8793485500429687E+000	5.7940635694134226E+000	2.6615935210734003E+000	4.2059896245697420E-001	9.5822604320165166E+000	7.7037474338088430E+000	7.6576003670926200E-006	3.7150320453476149E-001 
675	8.0427394184786091E+006	2.0225378192386010E+001	-8.2746218076139897E+000	0.0000000000000000E+000	3.8793369695199247E+000	5.7941763271939442E+000	2.6616730610097488E+000	4.2043988258427684E-001	9.5802890051280034E+000	7.6613018912113580E+000	7.7415423470646793E-006	3.7150320447293755E-001 
680	8.0427394184984909E+006	2.0225378192386010E+001	-8.2746218076139897E+000	0.0000000000000000E+000	3.8793240777457987E+000	5.7943018495512275E+000	2.6617616057366438E+000	4.2026279313048709E-001	9.5770570721610309E+000	7.6129919861485948E+000	7.3348627437692287E-006	3.7150320437318152E-001 
685	8.0427394185305107E+006	2.0225378192386010E+001	-8.2746218076139897E+000	0.0000000000000000E+000	3.8793118690005723E+000	5.7944212315832022E+000	2.6618457142430838E+000	4.2009457611760659E-001	9.5731460841248595E+000	7.5632229953007624E+000	6.6614111176930109E-006	3.7150320421218708E-001 
690	8.0427394185820781E+006	2.0225378192386010E+001	-8.2746218076139897E+000	0.0000000000000000E+000	3.8793020343291102E+000	5.7945212341977168E+000	2.6619153848932635E+000	4.1995523481724745E-001	9.5696939264337946E+000	7.5164309996146734E+000	6.1614060427302556E-006	3.7150320395244268E-001 
695	8.0427394186651278E+006	2.0225378192386010E+001	-8.2746218076139897E+000	0.0000000000000000E+000	3.8792958585211399E+000	5.7945850616079575E+000	2.6619596502143255E+000	4.1986670417512356E-001	9.5677072137611177E+000	7.4743200968259522E+000	6.1805652459492764E-006	3.7150320353355581E-001 
700	8.0427394187714634E+006	2.0225378192386010E+001	-8.2746218076139897E+000	0.0000000000000000E+000	3.8792947673967841E+000	5.7946004151227646E+000	2.6619695092204414E+000	4.1984698616289190E-001	9.5680329367761683E+000	7.4443304630131157E+000	6.9592595642903678E-006	3.7150320299674677E-001 
705	8.0427394188565603E+006	2.0225378192386010E+001	-8.2746218076139897E+000	0.0000000000000000E+000	3.8792958572265732E+000	5.7945936804773837E+000	2.6619639622381723E+000	4.1985808012742981E-001	9.5693267870243055E+000	7.4288703997507728E+000	7.9849801747450935E-006	3.7150320256710162E-001 
710	8.0427394189197225E+006	2.0225378192386010E+001	-8.2746218076139897E+000	0.0000000000000000E+000	3.8792975304403323E+000	5.7945802522429224E+000	2.6619539016934235E+000	4.1987820121692743E-001	9.5708893791372471E+000	7.4210880143182383E+000	9.1028918993981293E-006	3.7150320224819411E-001 
715	8.0427394189634053E+006	2.0225378192386010E+001	-8.2746218076139897E+000	0.0000000000000000E+000	3.8792986941276104E+000	5.7945699190522006E+000	2.6619464077235060E+000	4.1989318915676210E-001	9.5721559994162835E+000	7.4165448826420963E+000	1.0068131278689658E-005	3.7150320202762754E-001 
720	8.0427394190326212E+006	2.0225378192386010E+001	-8.2746218076139897E+000	0.0000000000000000E+000	3.8792998285142528E+000	5.7945629008132755E+000	2.6619406298307586E+000	4.1990474494225682E-001	9.5743319683175159E+000	7.4111917647444834E+000	1.1881649742708763E-005	3.7150320167821321E-001 
725	8.0427394191155564E+006	2.0225378192386010E+001	-8.2746218076139897E+000	0.0000000000000000E+000	3.8792992123676564E+000	5.7945729868941642E+000	2.6619469051643958E+000	4.1989219427498253E-001	9.5777684634245794E+000	7.4091081297653405E+000	1.5130847221816373E-005	3.7150320125966607E-001 
730	8.0427394192022868E+006	2.0225378192386010E+001	-8.2746218076139897E+000	0.0000000000000000E+000	3.8792947756409553E+000	5.7946202487112002E+000	2.6619794095263156E+000	4.1982718555114329E-001	9.5825565019167325E+000	7.4125055475604196E+000	2.0814583885955147E-005	3.7150320082174948E-001 
735	8.0427394192956407E+006	2.0225378192386010E+001	-8.2746218076139897E+000	0.0000000000000000E+000	3.8792909181630479E+000	5.7946630877950485E+000	2.6620085440240553E+000	4.1976891655566345E-001	9.5900142729698157E+000	7.4263471323360983E+000	3.3602383402993491E-005	3.7150320035025985E-001 
740	8.0427394193824045E+006	2.0225378192386010E+001	-8.2746218076139897E+000	0.0000000000000000E+000	3.8792980053694675E+000	5.7945968764472608E+000	2.6619612639373229E+000	4.1986347672912860E-001	9.5981260304518994E+000	7.4589389654256895E+000	6.5768740711826196E-005	3.7150319991187097E-001 
745	8.0427394194241241E+006	2.0225378192386010E+001	-8.2746218076139897E+000	0.0000000000000000E+000	3.8793109637087149E+000	5.7944696512271250E+000	2.6618717346487593E+000	4.2004253530625618E-001	9.5967287639626253E+000	7.4958796511149623E+000	5.5835952706006753E-005	3.7150319970125956E-001 
750	8.0427394194879681E+006	2.0225378192386010E+001	-8.2746218076139897E+000	0.0000000000000000E+000	3.8793347017243658E+000	5.7942413244006197E+000	2.6617100952042039E+000	4.2036581419536623E-001	9.5992538966039600E+000	7.5654701381615546E+000	5.1894124433557481E-005	3.7150319937971066E-001 
755	8.0427394195509376E+006	2.0225378192386010E+001	-8.2746218076139897E+000	0.0000000000000000E+000	3.8793727918078149E+000	5.7938731271749395E+000	2.6614498164244660E+000	4.2088637175484195E-001	9.6151016788864343E+000	7.6732536094783219E+000	9.2167112571942558E-005	3.7150319906394047E-001 
760	8.0427394195884755E+006	2.0225378192386010E+001	-8.2746218076139897E+000	0.0000000000000000E+000	3.8793955661586823E+000	5.7936555175415645E+000	2.6612954629060446E+000	4.2119507879168511E-001	9.6288344825731809E+000	7.7515386933847950E+000	1.5676251392405513E-004	3.7150319887645206E-001 
765	8.0427394196208306E+006	2.0225378192386010E+001	-8.2746218076139897E+000	0.0000000000000000E+000	3.8794136392706884E+000	5.7934826310860759E+000	2.6611728734542877E+000	4.2144025769519933E-001	9.6431771962305532E+000	7.8289471341958494E+000	2.5779887626712787E-004	3.7150319871515547E-001 
770	8.0427394196404833E+006	2.0225378192386010E+001	-8.2746218076139897E+000	0.0000000000000000E+000	3.8794248948215517E+000	5.7933749749650509E+000	2.6610965342920481E+000	4.2159293601967862E-001	9.6511593491954368E+000	7.8753584112733854E+000	3.2405612644351676E-004	3.7150319861708847E-001 
775	8.0427394196588947E+006	2.0225378192386010E+001	-8.2746218076139897E+000	0.0000000000000000E+000	3.8794395510823136E+000	5.7932320432484135E+000	2.6609957559122059E+000	4.2179449277936210E-001	9.6612766352762875E+000	7.9288623133855900E+000	4.1401212203440657E-004	3.7150319852491870E-001 
780	8.0427394196722824E+006	2.0225378192386010E+001	-8.2746218076139897E+000	0.0000000000000000E+000	3.8794520154106196E+000	5.7931111758116547E+000	2.6609103935372138E+000	4.2196521752934651E-001	9.6689237797201031E+000	7.9698029235610859E+000	5.0691265994502971E-004	3.7150319845806284E-001 
785	8.0427394196843989E+006	2.0225378192386010E+001	-8.2746218076139897E+000	0.0000000000000000E+000	3.8794644169672412E+000	5.7929910691017312E+000	2.6608255370690088E+000	4.2213493046575679E-001	9.6764749006895414E+000	8.0095333520551844E+000	6.1480244983675542E-004	3.7150319839797380E-001 
790	8.0427394196939841E+006	2.0225378192386010E+001	-8.2746218076139897E+000	0.0000000000000000E+000	3.8794744474888705E+000	5.7928953664717389E+000	2.6607576247107545E+000	4.2227075518226487E-001	9.6826841857198698E+000	8.0423063925662071E+000	7.1550158279290476E-004	3.7150319835052692E-001 
795	8.0427394197012270E+006	2.0225378192386010E+001	-8.2746218076139897E+000	0.0000000000000000E+000	3.8794820891440049E+000	5.7928218850855275E+000	2.6607056007073804E+000	4.2237480318901327E-001	9.6876677047534265E+000	8.0683387188416944E+000	8.0541299722634147E-004	3.7150319831467238E-001 
800	8.0427394197047073E+006	2.0225378192386010E+001	-8.2746218076139897E+000	0.0000000000000000E+000	3.8794857176848390E+000	5.7927873349586516E+000	2.6606810685622744E+000	4.2242386747922589E-001	9.6900120329012012E+000	8.0808315055469837E+000	8.4944408690907237E-004	3.7150319829745337E-001 
805	8.0427394197074650E+006	2.0225378192386010E+001	-8.2746218076139897E+000	0.0000000000000000E+000	3.8794885140468161E+000	5.7927591185855354E+000	2.6606613676517621E+000	4.2246326930025002E-001	9.6916451262264331E+000	8.0901222018971524E+000	8.7878564942336316E-004	3.7150319828380890E-001 
810	8.0427394197095493E+006	2.0225378192386010E+001	-8.2746218076139897E+000	0.0000000000000000E+000	3.8794899802865044E+000	5.7927454551638018E+000	2.6606516034615182E+000	4.2248279768073788E-001	9.6928157960923418E+000	8.0969851077503243E+000	8.9935195871030196E-004	3.7150319827350475E-001 
815	8.0427394197115712E+006	2.0225378192386010E+001	-8.2746218076139897E+000	0.0000000000000000E+000	3.8794910700381458E+000	5.7927353542195457E+000	2.6606443734861074E+000	4.2249725763155987E-001	9.6938508142398199E+000	8.1033679469022335E+000	9.1643452585528384E-004	3.7150319826350559E-001 
820	8.0427394197130566E+006	2.0225378192386010E+001	-8.2746218076139897E+000	0.0000000000000000E+000	3.8794915095820728E+000	5.7927322780443875E+000	2.6606419563106742E+000	4.2250209198242550E-001	9.6945495398344974E+000	8.1078869712491581E+000	9.2716689982313548E-004	3.7150319825616096E-001 
825	8.0427394197144434E+006	2.0225378192386010E+001	-8.2746218076139897E+000	0.0000000000000000E+000	3.8794918778092833E+000	5.7927307360852760E+000	2.6606404488766975E+000	4.2250510685037967E-001	9.6952228774944391E+000	8.1121787300496848E+000	9.3780125323369079E-004	3.7150319824930716E-001 
830	8.0427394197158711E+006	2.0225378192386010E+001	-8.2746218076139897E+000	0.0000000000000000E+000	3.8794923277285305E+000	5.7927265799088197E+000	2.6606374709499758E+000	4.2251106270382222E-001	9.6958915278424787E+000	8.1165338754294236E+000	9.4797141841572322E-004	3.7150319824225281E-001 
835	8.0427394197172346E+006	2.0225378192386010E+001	-8.2746218076139897E+000	0.0000000000000000E+000	3.8794928858952087E+000	5.7927219177015878E+000	2.6606340235130035E+000	4.2251795757776694E-001	9.6964716146242580E+000	8.1205294102295298E+000	9.5585134844127515E-004	3.7150319823551192E-001 
840	8.0427394197188243E+006	2.0225378192386010E+001	-8.2746218076139897E+000	0.0000000000000000E+000	3.8794933265031908E+000	5.7927183770122150E+000	2.6606313719523520E+000	4.2252326069907009E-001	9.6970649084072900E+000	8.1249505922681848E+000	9.6241639791088014E-004	3.7150319822765338E-001 
845	8.0427394197208956E+006	2.0225378192386010E+001	-8.2746218076139897E+000	0.0000000000000000E+000	3.8794935379730147E+000	5.7927173627294266E+000	2.6606304418713109E+000	4.2252512086115290E-001	9.6979346015726247E+000	8.1310182050531807E+000	9.7372935067305429E-004	3.7150319821741301E-001 
850	8.0427394197226465E+006	2.0225378192386010E+001	-8.2746218076139897E+000	0.0000000000000000E+000	3.8794937070369397E+000	5.7927159116242724E+000	2.6606293781908827E+000	4.2252724822200927E-001	9.6993689743346110E+000	8.1380732594198228E+000	9.5709484212321439E-004	3.7150319820875838E-001 
855	8.0427394197240472E+006	2.0225378192386010E+001	-8.2746218076139897E+000	0.0000000000000000E+000	3.8794946222887523E+000	5.7927068173215455E+000	2.6606230005358942E+000	4.2254000353198634E-001	9.7000451943975818E+000	8.1426010981203110E+000	9.6844810820948262E-004	3.7150319820182715E-001 
860	8.0427394197251769E+006	2.0225378192386010E+001	-8.2746218076139897E+000	0.0000000000000000E+000	3.8794952372725549E+000	5.7927018116204927E+000	2.6606192677177631E+000	4.2254746916824859E-001	9.7009281602381456E+000	8.1472588490180335E+000	9.8682164874731317E-004	3.7150319819624328E-001 
865	8.0427394197266372E+006	2.0225378192386010E+001	-8.2746218076139897E+000	0.0000000000000000E+000	3.8794950877475065E+000	5.7927029984729757E+000	2.6606201601941017E+000	4.2254568421557082E-001	9.7016490418497909E+000	8.1520357479363685E+000	9.9783409322438564E-004	3.7150319818903216E-001 
870	8.0427394197284672E+006	2.0225378192386010E+001	-8.2746218076139897E+000	0.0000000000000000E+000	3.8794955976569740E+000	5.7926982563917662E+000	2.6606167693345615E+000	4.2255246593465173E-001	9.7026215746529783E+000	8.1582388882338037E+000	1.0135263446347977E-003	3.7150319817999494E-001 
875	8.0427394197314130E+006	2.0225378192386010E+001	-8.2746218076139897E+000	0.0000000000000000E+000	3.8794946362678302E+000	5.7927099991543916E+000	2.6606245634941619E+000	4.2253687761545100E-001	9.7037541367681381E+000	8.1669552347949352E+000	1.0248023324623038E-003	3.7150319816544281E-001 
880	8.0427394197328845E+006	2.0225378192386010E+001	-8.2746218076139897E+000	0.0000000000000000E+000	3.8794940550833013E+000	5.7927166533696450E+000	2.6606290529708456E+000	4.2252789866208273E-001	9.7043904093478801E+000	8.1715258594417772E+000	1.0324971632291484E-003	3.7150319815817345E-001 
885	8.0427394197333362E+006	2.0225378192386010E+001	-8.2746218076139897E+000	0.0000000000000000E+000	3.8794938279689974E+000	5.7927183969250278E+000	2.6606303789771450E+000	4.2252524664948415E-001	9.7045340816274592E+000	8.1727753052211760E+000	1.0331945883361249E-003	3.7150319815594074E-001 
890	8.0427394197339350E+006	2.0225378192386010E+001	-8.2746218076139897E+000	0.0000000000000000E+000	3.8794935172161105E+000	5.7927219411611661E+000	2.6606327726009886E+000	4.2252045940179694E-001	9.7044874057585755E+000	8.1737237160049041E+000	1.0265261011408889E-003	3.7150319815297572E-001 
895	8.0427394197347322E+006	2.0225378192386010E+001	-8.2746218076139897E+000	0.0000000000000000E+000	3.8794931403689792E+000	5.7927261060615614E+000	2.6606356087454492E+000	4.2251478711287599E-001	9.7042845131370932E+000	8.1745621287022914E+000	1.0132975095836886E-003	3.7150319814903432E-001 
900	8.0427394197359635E+006	2.0225378192386010E+001	-8.2746218076139897E+000	0.0000000000000000E+000	3.8794930028590873E+000	5.7927294464554029E+000	2.6606375539621543E+000	4.2251089667946595E-001	9.7042007494502851E+000	8.1765421641781835E+000	1.0003192447881630E-003	3.7150319814295085E-001 
905	8.0427394197374964E+006	2.0225378192386010E+001	-8.2746218076139897E+000	0.0000000000000000E+000	3.8794902730993437E+000	5.7927565856448915E+000	2.6606565830763835E+000	4.2247283845100692E-001	9.7041909524118886E+000	8.1792833410840071E+000	9.8732573117986410E-004	3.7150319813538651E-001 
910	8.0427394197391327E+006	2.0225378192386010E+001	-8.2746218076139897E+000	0.0000000000000000E+000	3.8794881894540434E+000	5.7927784758578005E+000	2.6606716954734400E+000	4.2244261365689473E-001	9.7042447566092385E+000	8.1823978801492885E+000	9.7556806006559140E-004	3.7150319812731286E-001 
915	8.0427394197406266E+006	2.0225378192386010E+001	-8.2746218076139897E+000	0.0000000000000000E+000	3.8794870604307374E+000	5.7927896597434563E+000	2.6606795454628793E+000	4.2242691367801605E-001	9.7043024223203016E+000	8.1852633310236591E+000	9.6520919694282519E-004	3.7150319811993487E-001 
920	8.0427394197430322E+006	2.0225378192386010E+001	-8.2746218076139897E+000	0.0000000000000000E+000	3.8794867946271507E+000	5.7927925624640775E+000	2.6606815284303647E+000	4.2242294774304523E-001	9.7043012261111219E+000	8.1895916704384977E+000	9.4599400275232454E-004	3.7150319810806209E-001 
925	8.0427394197460227E+006	2.0225378192386010E+001	-8.2746218076139897E+000	0.0000000000000000E+000	3.8794851977716482E+000	5.7928092508006177E+000	2.6606930663096375E+000	4.2239987198449935E-001	9.7043936858036197E+000	8.1952377696454093E+000	9.2527912681856963E-004	3.7150319809330301E-001 
930	8.0427394197505591E+006	2.0225378192386010E+001	-8.2746218076139897E+000	0.0000000000000000E+000	3.8794834850785951E+000	5.7928276857449914E+000	2.6607057091679320E+000	4.2237458626790997E-001	9.7051538487147688E+000	8.2056249990737129E+000	9.1170529586150789E-004	3.7150319807091065E-001 
935	8.0427394197569778E+006	2.0225378192386010E+001	-8.2746218076139897E+000	0.0000000000000000E+000	3.8794846022041467E+000	5.7928153643347526E+000	2.6606973142117099E+000	4.2239137618035472E-001	9.7080230873831237E+000	8.2256659509863610E+000	9.4095284439042260E-004	3.7150319803922960E-001 
940	8.0427394197640754E+006	2.0225378192386010E+001	-8.2746218076139897E+000	0.0000000000000000E+000	3.8794873082075765E+000	5.7927884417994919E+000	2.6606784409372195E+000	4.2242912272933564E-001	9.7112476680521080E+000	8.2481046148920729E+000	9.6851812692088995E-004	3.7150319800421550E-001 
945	8.0427394197697593E+006	2.0225378192386010E+001	-8.2746218076139897E+000	0.0000000000000000E+000	3.8794901302122016E+000	5.7927615631622595E+000	2.6606593576093527E+000	4.2246728938506850E-001	9.7141507069160085E+000	8.2671321713581261E+000	9.9333870351723413E-004	3.7150319797616466E-001 
950	8.0427394197760588E+006	2.0225378192386010E+001	-8.2746218076139897E+000	0.0000000000000000E+000	3.8794950906093666E+000	5.7927132527157497E+000	2.6606252815917681E+000	4.2253544142023813E-001	9.7180757347855131E+000	8.2905161156287033E+000	1.0302172888923273E-003	3.7150319794510711E-001 
955	8.0427394197817016E+006	2.0225378192386010E+001	-8.2746218076139897E+000	0.0000000000000000E+000	3.8795040223837565E+000	5.7926235276227036E+000	2.6605625554964654E+000	4.2266089361084375E-001	9.7244812735958295E+000	8.3204173808595154E+000	1.1314052067249573E-003	3.7150319791728270E-001 
960	8.0427394197887117E+006	2.0225378192386010E+001	-8.2746218076139897E+000	0.0000000000000000E+000	3.8795170674556005E+000	5.7924928728617138E+000	2.6604711379722819E+000	4.2284372865921033E-001	9.7370328485140565E+000	8.3724661421310600E+000	1.2848030327160037E-003	3.7150319788271452E-001 
965	8.0427394197946135E+006	2.0225378192386010E+001	-8.2746218076139897E+000	0.0000000000000000E+000	3.8795298852978011E+000	5.7923679387655254E+000	2.6603830352397866E+000	4.2301993412420086E-001	9.7475228332041599E+000	8.4175896240558270E+000	1.0739355292290610E-003	3.7150319785361124E-001 
970	8.0427394197988492E+006	2.0225378192386010E+001	-8.2746218076139897E+000	0.0000000000000000E+000	3.8795401352725447E+000	5.7922673844707733E+000	2.6603122581429237E+000	4.2316148831792694E-001	9.7572240469472842E+000	8.4595670312716731E+000	1.0496488581605761E-003	3.7150319783274138E-001 
975	8.0427394198035011E+006	2.0225378192386010E+001	-8.2746218076139897E+000	0.0000000000000000E+000	3.8795499187240767E+000	5.7921708227800091E+000	2.6602444103944771E+000	4.2329718381481990E-001	9.7650222155382895E+000	8.4991174889802732E+000	1.1273953181132933E-003	3.7150319780980440E-001 
980	8.0427394198082890E+006	2.0225378192386010E+001	-8.2746218076139897E+000	0.0000000000000000E+000	3.8795612897677012E+000	5.7920604355065803E+000	2.6601664746705134E+000	4.2345305526274724E-001	9.7747399483539770E+000	8.5468244445335184E+000	1.3330584790533855E-003	3.7150319778621066E-001 
985	8.0427394198113773E+006	2.0225378192386010E+001	-8.2746218076139897E+000	0.0000000000000000E+000	3.8795675479833078E+000	5.7919991360454990E+000	2.6601233085087603E+000	4.2353938758625387E-001	9.7809948159461175E+000	8.5787511234745146E+000	1.5003962999994395E-003	3.7150319777098118E-001 
990	8.0427394198135892E+006	2.0225378192386010E+001	-8.2746218076139897E+000	0.0000000000000000E+000	3.8795712472489847E+000	5.7919637625249409E+000	2.6600982232171275E+000	4.2358955816951960E-001	9.7864963915028458E+000	8.6055491187234487E+000	1.6732105881472766E-003	3.7150319776008006E-001 
995	8.0427394198165499E+006	2.0225378192386010E+001	-8.2746218076139897E+000	0.0000000000000000E+000	3.8795802014079483E+000	5.7918759362890953E+000	2.6600364017812761E+000	4.2371320104122207E-001	9.7946974963236251E+000	8.6453139430066219E+000	1.9681015107358550E-003	3.7150319774572099E-001 
1000	8.0427394198188111E+006	2.0225378192386010E+001	-8.2746218076139897E+000	0.0000000000000000E+000	3.8795885527527454E+000	5.7917936173602715E+000	2.6599785396272719E+000	4.2382892534923039E-001	9.8099397927242808E+000	8.7082187107639406E+000	2.8481145423527249E-003	3.7150319773498697E-001 
1005	8.0427394198203878E+006	2.0225378192386010E+001	-8.2746218076139897E+000	0.0000000000000000E+000	3.8795994854147460E+000	5.7916830907837253E+000	2.6599014110149959E+000	4.2398318257378220E-001	9.8151347935461910E+000	8.7360987437453232E+000	3.0490348911698696E-003	3.7150319772721430E-001 
1010	8.0427394198214449E+006	2.0225378192386010E+001	-8.2746218076139897E+000	0.0000000000000000E+000	3.8796028350193463E+000	5.7916504265945976E+000	2.6598783797112335E+000	4.2402924518130725E-001	9.8225594732821726E+000	8.7693932615745034E+000	3.5755363067900706E-003	3.7150319772201063E-001 
1015	8.0427394198218118E+006	2.0225378192386010E+001	-8.2746218076139897E+000	0.0000000000000000E+000	3.8796028934416329E+000	5.7916508594976390E+000	2.6598784793181807E+000	4.2402904596741325E-001	9.8243041451965638E+000	8.7785109206850258E+000	3.6669734708815781E-003	3.7150319772020940E-001 
1020	8.0427394198223706E+006	2.0225378192386010E+001	-8.2746218076139897E+000	0.0000000000000000E+000	3.8796024410061638E+000	5.7916564487488396E+000	2.6598821788147182E+000	4.2402164697433797E-001	9.8284925348506853E+000	8.7983288476567925E+000	3.9677226866729138E-003	3.7150319771745294E-001 
1025	8.0427394198232712E+006	2.0225378192386010E+001	-8.2746218076139897E+000	0.0000000000000000E+000	3.8796029409554422E+000	5.7916530719113224E+000	2.6598794904974028E+000	4.2402702360896849E-001	9.8349817772802286E+000	8.8306643660299411E+000	4.4248303855999637E-003	3.7150319771301260E-001 
1030	8.0427394198240805E+006	2.0225378192386010E+001	-8.2746218076139897E+000	0.0000000000000000E+000	3.8796090230024758E+000	5.7915912634507416E+000	2.6598364221730466E+000	4.2411316025768137E-001	9.8391666102583581E+000	8.8549165935338650E+000	4.6291957156919389E-003	3.7150319770902335E-001 
1035	8.0427394198241429E+006	2.0225378192386010E+001	-8.2746218076139897E+000	0.0000000000000000E+000	3.8796096818105492E+000	5.7915856929524594E+000	2.6598323193077569E+000	4.2412136598826067E-001	9.8397895542615696E+000	8.8579187346536141E+000	4.6851339055812777E-003	3.7150319770872220E-001 
1040	8.0427394198242370E+006	2.0225378192386010E+001	-8.2746218076139897E+000	0.0000000000000000E+000	3.8796105521791988E+000	5.7915766906867479E+000	2.6598260774376019E+000	4.2413384972857038E-001	9.8403303807656251E+000	8.8610014944342765E+000	4.7161615175583807E-003	3.7150319770826151E-001 
1045	8.0427394198243869E+006	2.0225378192386010E+001	-8.2746218076139897E+000	0.0000000000000000E+000	3.8796120655264477E+000	5.7915618146378076E+000	2.6598156127186345E+000	4.2415477916650490E-001	9.8412850821386471E+000	8.8663103311001432E+000	4.7766334150020576E-003	3.7150319770751961E-001 
1050	8.0427394198245862E+006	2.0225378192386010E+001	-8.2746218076139897E+000	0.0000000000000000E+000	3.8796139076552789E+000	5.7915427624680884E+000	2.6598024023761142E+000	4.2418119985154629E-001	9.8429596633807765E+000	8.8749624904267783E+000	4.9103846586738597E-003	3.7150319770653828E-001 
1055	8.0427394198247949E+006	2.0225378192386010E+001	-8.2746218076139897E+000	0.0000000000000000E+000	3.8796153519951937E+000	5.7915274781061221E+000	2.6597918715153006E+000	4.2420226157317309E-001	9.8442593840104475E+000	8.8824792988600372E+000	4.9860742865160306E-003	3.7150319770550722E-001 
1060	8.0427394198249867E+006	2.0225378192386010E+001	-8.2746218076139897E+000	0.0000000000000000E+000	3.8796163566752062E+000	5.7915174949757082E+000	2.6597848705900691E+000	4.2421626342363583E-001	9.8451832852346008E+000	8.8889293883821239E+000	5.0938780494030030E-003	3.7150319770456275E-001 
1065	8.0427394198251078E+006	2.0225378192386010E+001	-8.2746218076139897E+000	0.0000000000000000E+000	3.8796167218787221E+000	5.7915136994477381E+000	2.6597822424190509E+000	4.2422151976567285E-001	9.8458364764046742E+000	8.8926796468695439E+000	5.1112976350815992E-003	3.7150319770402207E-001 
1070	8.0427394198252521E+006	2.0225378192386010E+001	-8.2746218076139897E+000	0.0000000000000000E+000	3.8796171893066127E+000	5.7915096699799147E+000	2.6597792928293589E+000	4.2422741894505633E-001	9.8466888718180829E+000	8.8978205412451441E+000	5.1585568481841253E-003	3.7150319770331047E-001 
1075	8.0427394198253946E+006	2.0225378192386010E+001	-8.2746218076139897E+000	0.0000000000000000E+000	3.8796176077945290E+000	5.7915070585931723E+000	2.6597771501601541E+000	4.2423170428346568E-001	9.8473741946727227E+000	8.9023566739967563E+000	5.1822766808129837E-003	3.7150319770260404E-001 
1080	8.0427394198255232E+006	2.0225378192386010E+001	-8.2746218076139897E+000	0.0000000000000000E+000	3.8796177082299876E+000	5.7915053189463581E+000	2.6597760794658298E+000	4.2423384567211458E-001	9.8481252534692008E+000	8.9069567398917933E+000	5.2231653908821150E-003	3.7150319770197504E-001 
1085	8.0427394198257141E+006	2.0225378192386010E+001	-8.2746218076139897E+000	0.0000000000000000E+000	3.8796179035739522E+000	5.7915031637798693E+000	2.6597746111946572E+000	4.2423678221446043E-001	9.8492632755114204E+000	8.9139714026575287E+000	5.2848068566175195E-003	3.7150319770102852E-001 
1090	8.0427394198259544E+006	2.0225378192386010E+001	-8.2746218076139897E+000	0.0000000000000000E+000	3.8796180959377824E+000	5.7915011605317286E+000	2.6597732248429264E+000	4.2423955491792126E-001	9.8510473938155059E+000	8.9243028824396813E+000	5.4101922522098288E-003	3.7150319769984252E-001 
1095	8.0427394198262505E+006	2.0225378192386010E+001	-8.2746218076139897E+000	0.0000000000000000E+000	3.8796185580967042E+000	5.7914971030319622E+000	2.6597702717751988E+000	4.2424546105337696E-001	9.8555221336256729E+000	8.9461981330684992E+000	5.8988588652200578E-003	3.7150319769839019E-001 
1100	8.0427394198264899E+006	2.0225378192386010E+001	-8.2746218076139897E+000	0.0000000000000000E+000	3.8796191631615020E+000	5.7914922556091213E+000	2.6597666379341822E+000	4.2425272873540987E-001	9.8590222412395523E+000	8.9642825816539879E+000	6.2681737716860034E-003	3.7150319769721518E-001 
1105	8.0427394198266659E+006	2.0225378192386010E+001	-8.2746218076139897E+000	0.0000000000000000E+000	3.8796195291254998E+000	5.7914875338768974E+000	2.6597635451400752E+000	4.2425891432362434E-001	9.8620057651403599E+000	8.9797628718864448E+000	6.5976252593886358E-003	3.7150319769634571E-001 
1110	8.0427394198268726E+006	2.0225378192386010E+001	-8.2746218076139897E+000	0.0000000000000000E+000	3.8796201906095837E+000	5.7914821290975658E+000	2.6597595197822415E+000	4.2426696503929162E-001	9.8638555892632453E+000	8.9913836091666735E+000	6.7132826823379926E-003	3.7150319769540163E-001 
1115	8.0427394198269434E+006	2.0225378192386010E+001	-8.2746218076139897E+000	0.0000000000000000E+000	3.8796203738929318E+000	5.7914803331489280E+000	2.6597582552412273E+000	4.2426949412131948E-001	9.8651830979688864E+000	8.9981513376583262E+000	6.8747725209484098E-003	3.7150319769509405E-001 
1120	8.0427394198270179E+006	2.0225378192386010E+001	-8.2746218076139897E+000	0.0000000000000000E+000	3.8796206017208048E+000	5.7914779003315351E+000	2.6597565831767840E+000	4.2427283825020662E-001	9.8666636422625036E+000	9.0058912310987704E+000	7.0486460924996178E-003	3.7150319769472995E-001 
1125	8.0427394198270580E+006	2.0225378192386010E+001	-8.2746218076139897E+000	0.0000000000000000E+000	3.8796206820241532E+000	5.7914764121035782E+000	2.6597556784561092E+000	4.2427464769155626E-001	9.8674911038789102E+000	9.0102984108618909E+000	7.1447509406906869E-003	3.7150319769452750E-001 
1130	8.0427394198271101E+006	2.0225378192386010E+001	-8.2746218076139897E+000	0.0000000000000000E+000	3.8796208756764949E+000	5.7914755291349849E+000	2.6597548496671282E+000	4.2427630526951760E-001	9.8680308724092924E+000	9.0138831562324295E+000	7.1729555000813322E-003	3.7150319769426637E-001 
1135	8.0427394198271222E+006	2.0225378192386010E+001	-8.2746218076139897E+000	0.0000000000000000E+000	3.8796208580625384E+000	5.7914746068711738E+000	2.6597544237631356E+000	4.2427715707750269E-001	9.8682199833600439E+000	9.0149821117363409E+000	7.1905978084123119E-003	3.7150319769420459E-001 
1140	8.0427394198271390E+006	2.0225378192386010E+001	-8.2746218076139897E+000	0.0000000000000000E+000	3.8796209178304712E+000	5.7914739333920631E+000	2.6597539674877160E+000	4.2427806962834214E-001	9.8684852745312757E+000	9.0165230969139536E+000	7.2157441025470130E-003	3.7150319769411932E-001 
1145	8.0427394198271679E+006	2.0225378192386010E+001	-8.2746218076139897E+000	0.0000000000000000E+000	3.8796211189964178E+000	5.7914735593692575E+000	2.6597533781444191E+000	4.2427924831493613E-001	9.8688146272654826E+000	9.0186175750306710E+000	7.2380996380580062E-003	3.7150319769398210E-001 
1150	8.0427394198272126E+006	2.0225378192386010E+001	-8.2746218076139897E+000	0.0000000000000000E+000	3.8796212107845203E+000	5.7914714740691160E+000	2.6597521519181444E+000	4.2428170076748578E-001	9.8692788249238887E+000	9.0217404113265349E+000	7.2616389000206378E-003	3.7150319769376100E-001 
1155	8.0427394198272834E+006	2.0225378192386010E+001	-8.2746218076139897E+000	0.0000000000000000E+000	3.8796214272366552E+000	5.7914695966799874E+000	2.6597507803193094E+000	4.2428444396515547E-001	9.8701435058980618E+000	9.0272720235011743E+000	7.3199253378237947E-003	3.7150319769340467E-001 
1160	8.0427394198273988E+006	2.0225378192386010E+001	-8.2746218076139897E+000	0.0000000000000000E+000	3.8796218493220680E+000	5.7914662805282680E+000	2.6597482780726232E+000	4.2428944845852778E-001	9.8726003399706830E+000	9.0406736862137791E+000	7.6042997772900857E-003	3.7150319769283119E-001 
1165	8.0427394198275432E+006	2.0225378192386010E+001	-8.2746218076139897E+000	0.0000000000000000E+000	3.8796220909078909E+000	5.7914631739734350E+000	2.6597462416235627E+000	4.2429352135664861E-001	9.8735830458523886E+000	9.0487241093191244E+000	7.5718172488151627E-003	3.7150319769212892E-001 
1170	8.0427394198276587E+006	2.0225378192386010E+001	-8.2746218076139897E+000	0.0000000000000000E+000	3.8796223859384025E+000	5.7914614497981542E+000	2.6597447894748991E+000	4.2429642565397624E-001	9.8756193443348010E+000	9.0608033773132579E+000	7.7685410494522005E-003	3.7150319769156059E-001 
1175	8.0427394198277351E+006	2.0225378192386010E+001	-8.2746218076139897E+000	0.0000000000000000E+000	3.8796224517122684E+000	5.7914595655429340E+000	2.6597437157995563E+000	4.2429857300466206E-001	9.8769412278704767E+000	9.0688427127314970E+000	7.8906351981957046E-003	3.7150319769118462E-001 
1180	8.0427394198278179E+006	2.0225378192386010E+001	-8.2746218076139897E+000	0.0000000000000000E+000	3.8796225758171756E+000	5.7914589377138874E+000	2.6597431536752194E+000	4.2429969725333505E-001	9.8787757908152631E+000	9.0794748816590651E+000	8.0920253100494159E-003	3.7150319769077078E-001 
1185	8.0427394198278859E+006	2.0225378192386010E+001	-8.2746218076139897E+000	0.0000000000000000E+000	3.8796227534960450E+000	5.7914579852069332E+000	2.6597423220640026E+000	4.2430136047576911E-001	9.8803397364459240E+000	9.0886145024619793E+000	8.2640814985725109E-003	3.7150319769043588E-001 
1190	8.0427394198279688E+006	2.0225378192386010E+001	-8.2746218076139897E+000	0.0000000000000000E+000	3.8796227681668563E+000	5.7914568578255814E+000	2.6597417290317042E+000	4.2430254654036614E-001	9.8819654086326629E+000	9.0986895730645116E+000	8.4152514146249718E-003	3.7150319769003254E-001 
1195	8.0427394198280349E+006	2.0225378192386010E+001	-8.2746218076139897E+000	0.0000000000000000E+000	3.8796228799523340E+000	5.7914562602869220E+000	2.6597412066914194E+000	4.2430359122093575E-001	9.8837633674995651E+000	9.1090577944142623E+000	8.6278330177662205E-003	3.7150319768970624E-001 
1200	8.0427394198281029E+006	2.0225378192386010E+001	-8.2746218076139897E+000	0.0000000000000000E+000	3.8796230344172615E+000	5.7914553132071713E+000	2.6597404242216895E+000	4.2430515616039505E-001	9.8870569962045032E+000	9.1259423202835936E+000	9.1453177857920495E-003	3.7150319768937701E-001 
1205	8.0427394198281206E+006	2.0225378192386010E+001	-8.2746218076139897E+000	0.0000000000000000E+000	3.8796230252994581E+000	5.7914548739094869E+000	2.6597402228084532E+000	4.2430555898686789E-001	9.8886804129995287E+000	9.1338095426310133E+000	9.4406116929795936E-003	3.7150319768929085E-001 
1210	8.0427394198281458E+006	2.0225378192386010E+001	-8.2746218076139897E+000	0.0000000000000000E+000	3.8796231274532467E+000	5.7914547357357078E+000	2.6597399494139866E+000	4.2430610577580091E-001	9.8907233306723086E+000	9.1441623919350761E+000	9.7966562578927566E-003	3.7150319768915896E-001 
1215	8.0427394198281616E+006	2.0225378192386010E+001	-8.2746218076139897E+000	0.0000000000000000E+000	3.8796230266980709E+000	5.7914543775167227E+000	2.6597399718148464E+000	4.2430606097408180E-001	9.8918979649351417E+000	9.1501230387869921E+000	1.0006163464181291E-002	3.7150319768908896E-001 
1220	8.0427394198281830E+006	2.0225378192386010E+001	-8.2746218076139897E+000	0.0000000000000000E+000	3.8796231209332444E+000	5.7914538456904676E+000	2.6597395174313720E+000	4.2430696974102988E-001	9.8934062018961075E+000	9.1580837864412974E+000	1.0262297119393960E-002	3.7150319768898632E-001 
1225	8.0427394198282044E+006	2.0225378192386010E+001	-8.2746218076139897E+000	0.0000000000000000E+000	3.8796231732852009E+000	5.7914538304159606E+000	2.6597394050902050E+000	4.2430719442336473E-001	9.8947437568312271E+000	9.1654903913612689E+000	1.0472638926982379E-002	3.7150319768888007E-001 
1230	8.0427394198282314E+006	2.0225378192386010E+001	-8.2746218076139897E+000	0.0000000000000000E+000	3.8796232295551643E+000	5.7914538702439842E+000	2.6597393124642914E+000	4.2430737967519183E-001	9.8961994560761859E+000	9.1739246702871142E+000	1.0681550574854544E-002	3.7150319768874823E-001 
1235	8.0427394198282650E+006	2.0225378192386010E+001	-8.2746218076139897E+000	0.0000000000000000E+000	3.8796233042625610E+000	5.7914528737827426E+000	2.6597386648188759E+000	4.2430867496602276E-001	9.8982067164449941E+000	9.1854996399180671E+000	1.0979120778860462E-002	3.7150319768858314E-001 
1240	8.0427394198283060E+006	2.0225378192386010E+001	-8.2746218076139897E+000	0.0000000000000000E+000	3.8796233714181976E+000	5.7914521340972565E+000	2.6597381606648596E+000	4.2430968327405494E-001	9.9020671662067201E+000	9.2062582047408146E+000	1.1677678188314217E-002	3.7150319768838741E-001 
1245	8.0427394198283376E+006	2.0225378192386010E+001	-8.2746218076139897E+000	0.0000000000000000E+000	3.8796235042841709E+000	5.7914511419176860E+000	2.6597373988431277E+000	4.2431120691751884E-001	9.9061711214300718E+000	9.2295341215151936E+000	1.2689720124184071E-002	3.7150319768823326E-001 
1250	8.0427394198283730E+006	2.0225378192386010E+001	-8.2746218076139897E+000	0.0000000000000000E+000	3.8796235078280716E+000	5.7914500090306458E+000	2.6597368253118066E+000	4.2431235398016165E-001	9.9139216731473976E+000	9.2707418956278058E+000	1.4445563384493430E-002	3.7150319768806378E-001 
1255	8.0427394198284000E+006	2.0225378192386010E+001	-8.2746218076139897E+000	0.0000000000000000E+000	3.8796236374417656E+000	5.7914493735303028E+000	2.6597362483342470E+000	4.2431350793528011E-001	9.9261281115497493E+000	9.3361864810270632E+000	1.7613836015260995E-002	3.7150319768792683E-001 
1260	8.0427394198284131E+006	2.0225378192386010E+001	-8.2746218076139897E+000	0.0000000000000000E+000	3.8796237168614041E+000	5.7914488316048480E+000	2.6597358185322424E+000	4.2431436753928958E-001	9.9359020601671926E+000	9.3901091807330914E+000	2.0395811686004992E-002	3.7150319768786072E-001 
1265	8.0427394198284205E+006	2.0225378192386010E+001	-8.2746218076139897E+000	0.0000000000000000E+000	3.8796237628153372E+000	5.7914488008524234E+000	2.6597357112481639E+000	4.2431458210744610E-001	9.9408994772399506E+000	9.4187093299147353E+000	2.1838345863172116E-002	3.7150319768783280E-001 
1270	8.0427394198284214E+006	2.0225378192386010E+001	-8.2746218076139897E+000	0.0000000000000000E+000	3.8796237217055118E+000	5.7914488029617415E+000	2.6597357945224727E+000	4.2431441555882904E-001	9.9427595115110314E+000	9.4294222493302353E+000	2.2384326126425710E-002	3.7150319768782336E-001 
1275	8.0427394198284214E+006	2.0225378192386010E+001	-8.2746218076139897E+000	0.0000000000000000E+000	3.8796237837506320E+000	5.7914480781966526E+000	2.6597353080496893E+000	4.2431538850439598E-001	9.9442247644324606E+000	9.4379773876728610E+000	2.2809514665772138E-002	3.7150319768781609E-001 
1280	8.0427394198284214E+006	2.0225378192386010E+001	-8.2746218076139897E+000	0.0000000000000000E+000	3.8796237963257716E+000	5.7914481383912797E+000	2.6597353129967232E+000	4.2431537861032831E-001	9.9449488161099300E+000	9.4422176146947621E+000	2.3020056372196687E-002	3.7150319768781259E-001 
1285	8.0427394198284214E+006	2.0225378192386010E+001	-8.2746218076139897E+000	0.0000000000000000E+000	3.8796237252676935E+000	5.7914479458223171E+000	2.6597353588283976E+000	4.2431528694697868E-001	9.9460861547575181E+000	9.4489051488855296E+000	2.3350306958711323E-002	3.7150319768780726E-001 
1285	8.0427394198284214E+006	2.0225378192386010E+001	-8.2746218076139897E+000	0.0000000000000000E+000	3.8796237441922714E+000	5.7914479852644689E+000	2.6597353407003173E+000	4.2431532320313942E-001	9.9458873031734001E+000	9.4477329026746677E+000	2.3292736926229587E-002	3.7150319768780821E-001 
1290	8.0427394198284214E+006	2.0225378192386010E+001	-8.2746218076139897E+000	0.0000000000000000E+000	3.8796238119669764E+000	5.7914480242991022E+000	2.6597352246682244E+000	4.2431555526732534E-001	9.9459814166465339E+000	9.4482872918507859E+000	2.3320039219592779E-002	3.7150319768780776E-001 
1295	8.0427394198284214E+006	2.0225378192386010E+001	-8.2746218076139897E+000	0.0000000000000000E+000	3.8796237908750468E+000	5.7914480793911434E+000	2.6597352943981050E+000	4.2431541580756466E-001	9.9460382418178312E+000	9.4486220083749881E+000	2.3336529994737360E-002	3.7150319768780743E-001 
1300	8.0427394198284214E+006	2.0225378192386010E+001	-8.2746218076139897E+000	0.0000000000000000E+000	3.8796236700183822E+000	5.7914480375779807E+000	2.6597355152048521E+000	4.2431497419406988E-001	9.9460764874027880E+000	9.4488474728081542E+000	2.3347614838323542E-002	3.7150319768780726E-001 
1305	8.0427394198284214E+006	2.0225378192386010E+001	-8.2746218076139897E+000	0.0000000000000000E+000	3.8796237511187348E+000	5.7914483269834571E+000	2.6597354977068850E+000	4.2431500919000420E-001	9.9461380620547590E+000	9.4492107101552065E+000	2.3365443944304128E-002	3.7150319768780699E-001 
1310	8.0427394198284214E+006	2.0225378192386010E+001	-8.2746218076139897E+000	0.0000000000000000E+000	3.8796238033747161E+000	5.7914485256791401E+000	2.6597354925427648E+000	4.2431501951824452E-001	9.9462372605373091E+000	9.4497960117359145E+000	2.3394158122536989E-002	3.7150319768780654E-001 
1315	8.0427394198284214E+006	2.0225378192386010E+001	-8.2746218076139897E+000	0.0000000000000000E+000	3.8796237605205657E+000	5.7914481257711667E+000	2.6597353782970785E+000	4.2431524800961723E-001	9.9463970235406620E+000	9.4507394967390734E+000	2.3440346498678339E-002	3.7150319768780576E-001 
1320	8.0427394198284214E+006	2.0225378192386010E+001	-8.2746218076139897E+000	0.0000000000000000E+000	3.8796236737496952E+000	5.7914482753473440E+000	2.6597356266269077E+000	4.2431475134995922E-001	9.9466545643051898E+000	9.4522624032475751E+000	2.3514671241217203E-002	3.7150319768780460E-001 
1325	8.0427394198284214E+006	2.0225378192386010E+001	-8.2746218076139897E+000	0.0000000000000000E+000	3.8796236819041208E+000	5.7914479860352772E+000	2.6597354656620240E+000	4.2431507327972606E-001	9.9470715146568889E+000	9.4547321376355136E+000	2.3634793839954621E-002	3.7150319768780266E-001 
1330	8.0427394198284214E+006	2.0225378192386010E+001	-8.2746218076139897E+000	0.0000000000000000E+000	3.8796236750484185E+000	5.7914480516060323E+000	2.6597355121588055E+000	4.2431498028616305E-001	9.9477562677798623E+000	9.4587943722344345E+000	2.3832213195285456E-002	3.7150319768779949E-001 
1335	8.0427394198284214E+006	2.0225378192386010E+001	-8.2746218076139897E+000	0.0000000000000000E+000	3.8796237878327573E+000	5.7914484379713480E+000	2.6597354797727859E+000	4.2431504505820289E-001	9.9479463374261741E+000	9.4599209174423713E+000	2.3887266576710697E-002	3.7150319768779860E-001 
1340	8.0427394198284214E+006	2.0225378192386010E+001	-8.2746218076139897E+000	0.0000000000000000E+000	3.8796237419582442E+000	5.7914486038774902E+000	2.6597356544748827E+000	4.2431469565400903E-001	9.9480231419781155E+000	9.4603770981246189E+000	2.3909476935166638E-002	3.7150319768779821E-001 
1345	8.0427394198284214E+006	2.0225378192386010E+001	-8.2746218076139897E+000	0.0000000000000000E+000	3.8796237922996548E+000	5.7914485417459565E+000	2.6597355227262947E+000	4.2431495915118478E-001	9.9480591042981654E+000	9.4605903838436838E+000	2.3919898473713511E-002	3.7150319768779799E-001 
1350	8.0427394198284214E+006	2.0225378192386010E+001	-8.2746218076139897E+000	0.0000000000000000E+000	3.8796237879327298E+000	5.7914486007950874E+000	2.6597355609847111E+000	4.2431488263435224E-001	9.9481217636630905E+000	9.4609625440539880E+000	2.3938016291693186E-002	3.7150319768779777E-001 
1355	8.0427394198284214E+006	2.0225378192386010E+001	-8.2746218076139897E+000	0.0000000000000000E+000	3.8796237492444261E+000	5.7914483898341214E+000	2.6597355328808341E+000	4.2431493884210575E-001	9.9482229337284895E+000	9.4615635940468596E+000	2.3967268846153720E-002	3.7150319768779733E-001 
1360	8.0427394198284214E+006	2.0225378192386010E+001	-8.2746218076139897E+000	0.0000000000000000E+000	3.8796236842484748E+000	5.7914479949884790E+000	2.6597354654499155E+000	4.2431507370394378E-001	9.9483863699137789E+000	9.4625350932141092E+000	2.4014507260838883E-002	3.7150319768779666E-001 
1365	8.0427394198284214E+006	2.0225378192386010E+001	-8.2746218076139897E+000	0.0000000000000000E+000	3.8796237661572319E+000	5.7914480412913942E+000	2.6597353247838598E+000	4.2431535503605505E-001	9.9486507593725459E+000	9.4641081464972210E+000	2.4090863325462765E-002	3.7150319768779549E-001 
1370	8.0427394198284214E+006	2.0225378192386010E+001	-8.2746218076139897E+000	0.0000000000000000E+000	3.8796237359659478E+000	5.7914484701778193E+000	2.6597355996096410E+000	4.2431480538449207E-001	9.9490829760095316E+000	9.4666813830483800E+000	2.4215846398626985E-002	3.7150319768779361E-001 
1375	8.0427394198284214E+006	2.0225378192386010E+001	-8.2746218076139897E+000	0.0000000000000000E+000	3.8796236844784038E+000	5.7914480157613184E+000	2.6597354753764786E+000	4.2431505385081736E-001	9.9497982140465115E+000	9.4709430866330813E+000	2.4423268026525391E-002	3.7150319768779061E-001 
1380	8.0427394198284214E+006	2.0225378192386010E+001	-8.2746218076139897E+000	0.0000000000000000E+000	3.8796237791003643E+000	5.7914484944484599E+000	2.6597355254761279E+000	4.2431495365151867E-001	9.9509899019264942E+000	9.4780610621924932E+000	2.4769204187716071E-002	3.7150319768778572E-001 
1385	8.0427394198284214E+006	2.0225378192386010E+001	-8.2746218076139897E+000	0.0000000000000000E+000	3.8796237274154777E+000	5.7914478299111289E+000	2.6597352965772352E+000	4.2431541144930440E-001	9.9520150718326690E+000	9.4841941529997928E+000	2.5068393206507694E-002	3.7150319768778178E-001 
1390	8.0427394198284214E+006	2.0225378192386010E+001	-8.2746218076139897E+000	0.0000000000000000E+000	3.8796237492460186E+000	5.7914484280018845E+000	2.6597355519615316E+000	4.2431490068071159E-001	9.9526651503277783E+000	9.4880815897573356E+000	2.5259669627886509E-002	3.7150319768777934E-001 
1395	8.0427394198284214E+006	2.0225378192386010E+001	-8.2746218076139897E+000	0.0000000000000000E+000	3.8796238036751003E+000	5.7914480319544994E+000	2.6597352450796765E+000	4.2431551444442139E-001	9.9537411556451580E+000	9.4945329255983122E+000	2.5581753223558584E-002	3.7150319768777551E-001 
1400	8.0427394198284214E+006	2.0225378192386010E+001	-8.2746218076139897E+000	0.0000000000000000E+000	3.8796237105539642E+000	5.7914475485156007E+000	2.6597351896024977E+000	4.2431562539877943E-001	9.9549226781104867E+000	9.5055102529385209E+000	2.6407040302016075E-002	3.7150319768776935E-001 
1405	8.0427394198284214E+006	2.0225378192386010E+001	-8.2746218076139897E+000	0.0000000000000000E+000	3.8796238305401678E+000	5.7914480861875361E+000	2.6597352184660590E+000	4.2431556767165624E-001	9.9582808979465529E+000	9.5247113523377855E+000	2.7572872218738845E-002	3.7150319768775952E-001 
1410	8.0427394198284261E+006	2.0225378192386010E+001	-8.2746218076139897E+000	0.0000000000000000E+000	3.8796237206555930E+000	5.7914476920530458E+000	2.6597352411679629E+000	4.2431552226784813E-001	9.9642881122693918E+000	9.5618273095853628E+000	2.9434681125722281E-002	3.7150319768774365E-001 
1415	8.0427394198284307E+006	2.0225378192386010E+001	-8.2746218076139897E+000	0.0000000000000000E+000	3.8796238709247617E+000	5.7914476365567218E+000	2.6597349128814640E+000	4.2431617884084677E-001	9.9769003368928590E+000	9.6409821128116207E+000	3.3347763809085544E-002	3.7150319768771900E-001 
1420	8.0427394198284363E+006	2.0225378192386010E+001	-8.2746218076139897E+000	0.0000000000000000E+000	3.8796237670560560E+000	5.7914473020833270E+000	2.6597349533821775E+000	4.2431609783941943E-001	9.9979823112765605E+000	9.7786709305789845E+000	3.9295994801338933E-002	3.7150319768769235E-001 
1423	8.0427394198284391E+006	2.0225378192386010E+001	-8.2746218076139897E+000	0.0000000000000000E+000	3.8796237993404001E+000	5.7914471299082404E+000	2.6597348027259455E+000	4.2431639915188357E-001	1.0016457576132590E+001	9.9060772482933039E+000	4.3460643653822364E-002	3.7150319768767714E-001 
