1	1.2860082304526758E+001	3.6000000000000000E+001	0.0000000000000000E+000	0.0000000000000000E+000	4.6246769431796748E+000	5.2776659986288612E+000	9.1273794940770736E-001	4.1687159553649975E+000	2.6597049748290713E-001	7.2013290255353701E-001 
5	7.8512088477366305E+001	3.5999977327178904E+001	-2.2672821096136886E-005	-3.3036807389936128E-007	4.6100656638757274E+000	5.2449029241116367E+000	9.2557897075699036E-001	4.1430336391474265E+000	2.6597259044682658E-001	7.2013290255353735E-001 
10	2.0495659209104960E+002	3.5999935480610986E+001	-6.4519389013639739E-005	-3.3131062078205524E-007	4.6101622207909028E+000	5.2456119723451096E+000	9.2574038104337486E-001	4.1427103137481138E+000	2.6597636678509351E-001	7.2013290255353724E-001 
15	4.0859672960592280E+002	3.5999867718981548E+001	-1.3228101845186302E-004	-3.3384367262662985E-007	4.6108369591375693E+000	5.2471567980712406E+000	9.2516331721310818E-001	4.1438636239480315E+000	2.6598266970168671E-001	7.2013290255353724E-001 
20	7.3656120747500120E+002	3.5999757224125190E+001	-2.4277587480980856E-004	-3.3902343357209769E-007	4.6126572802867969E+000	5.2500122343326030E+000	9.2295039304533477E-001	4.1482881392959010E+000	2.6599402481974915E-001	7.2013290255353712E-001 
25	1.2647512787279309E+003	3.5999575220907424E+001	-4.2477909257598867E-004	-3.4825895701433481E-007	4.6160308181449183E+000	5.2542167724854956E+000	9.1830558640553761E-001	4.1575755569164397E+000	2.6601708555025422E-001	7.2013290255353668E-001 
30	2.1154066703814869E+003	3.5999272419905154E+001	-7.2758009484630293E-004	-3.6020285549799300E-007	4.6206714823457364E+000	5.2584210813094909E+000	9.1112641241589909E-001	4.1719302519260175E+000	2.6606834604018637E-001	7.2013290255353579E-001 
35	3.4853956851934568E+003	3.5998774862607256E+001	-1.2251373927441023E-003	-3.6272421186390096E-007	4.6241508776311253E+000	5.2565033203608564E+000	9.0320874137080476E-001	4.1877595914537178E+000	2.6617124338854597E-001	7.2013290255353246E-001 
40	5.6917766934382835E+003	3.5997993001830970E+001	-2.0069981690298277E-003	-3.4850008366447941E-007	4.6249373061131251E+000	5.2480067908795203E+000	8.9738761966613778E-001	4.1993924022779279E+000	2.6634936364814138E-001	7.2013290255352091E-001 
45	9.2451753710266621E+003	3.5996783062040244E+001	-3.2169379597561942E-003	-3.3738165988396825E-007	4.6246785332389990E+000	5.2434405502626475E+000	8.9562204510595267E-001	4.2029089539454461E+000	2.6664168129499710E-001	7.2013290255347950E-001 
50	1.4967959475269519E+004	3.5994861861751289E+001	-5.1381382487107885E-003	-3.3530893366073943E-007	4.6243840216654917E+000	5.2430414340086022E+000	8.9601151012594293E-001	4.2021068443633061E+000	2.6711189947517022E-001	7.2013290255331763E-001 
55	2.4184560502993692E+004	3.5991772250881318E+001	-8.2277491186815155E-003	-3.3522339128400033E-007	4.6239758816631991E+000	5.2433473941144193E+000	8.9698077018343714E-001	4.2001310450792211E+000	2.6786501839169974E-001	7.2013290255264806E-001 
60	3.9027988624153761E+004	3.5986794690926324E+001	-1.3205309073676119E-002	-3.3544636403570910E-007	4.6233573263198204E+000	5.2438822930675713E+000	8.9848533034677136E-001	4.1970618589047008E+000	2.6906244095924520E-001	7.2013290254977558E-001 
65	6.2933478047563251E+004	3.5978766401880648E+001	-2.1233598119351882E-002	-3.3612741457830457E-007	4.6225026967777039E+000	5.2447705486075913E+000	9.0063871720101341E-001	4.1926581876915447E+000	2.7095975709413833E-001	7.2013290253714046E-001 
70	1.0143350781885850E+005	3.5965790461311073E+001	-3.4209538688926955E-002	-3.3769333207639842E-007	4.6213569853705296E+000	5.2462490862170430E+000	9.0366940882008828E-001	4.1864401455011775E+000	2.7395480624445706E-001	7.2013290247984463E-001 
75	1.6343819076582725E+005	3.5944734326067426E+001	-5.5265673932574089E-002	-3.4093490729631784E-007	4.6199253576029093E+000	5.2487310790803487E+000	9.0777366078698185E-001	4.1779773098507214E+000	2.7865231519367573E-001	7.2013290190197454E-001 
80	2.6329735269874992E+005	3.5910315851080831E+001	-8.9684148919168649E-002	-3.4730959509040480E-007	4.6181862224921266E+000	5.2528856942071105E+000	9.1332923857192883E-001	4.1664501012722059E+000	2.8601484314078884E-001	7.2013281408962615E-001 
85	4.2412153158334125E+005	3.5853357243173349E+001	-1.4664275682665107E-001	-3.5887368250509385E-007	4.6162181975145371E+000	5.2598326438178296E+000	9.2073876333246829E-001	4.1509416552016232E+000	2.9760393633187893E-001	7.2012640080417389E-001 
90	6.8313047991876455E+005	3.5757185449880311E+001	-2.4281455011968944E-001	-3.7990326129057437E-007	4.6140989305054347E+000	5.2715461494415372E+000	9.3083405016252463E-001	4.1295845799990971E+000	3.1580804571813553E-001	7.1996938949801348E-001 
95	1.1002669813024472E+006	3.5588953105642780E+001	-4.1104689435722008E-001	-4.1966948965879247E-007	4.6120722731084252E+000	5.2914792435902678E+000	9.4485391203091029E-001	4.0994967422180437E+000	3.4463321847653483E-001	7.1832561004617335E-001 
100	1.7720694881458820E+006	3.5275678615376449E+001	-7.2432138462355056E-001	-4.9959933045090831E-007	4.6107609614618124E+000	5.3258405404042657E+000	9.6465718373113463E-001	4.0560503631916562E+000	3.9223420919066893E-001	7.0895734368409280E-001 
105	2.8540141434423034E+006	3.4622807604567420E+001	-1.3771923954325800E+000	-6.8218388228184935E-007	4.6125975419351652E+000	5.3875951970057985E+000	9.9186135108519458E-001	3.9935289336651647E+000	4.7529465749022842E-001	6.7348962316504413E-001 
110	4.4962272957420526E+006	3.3048790657171168E+001	-2.9512093428288324E+000	-1.1808714121716320E-006	4.6009660199017004E+000	5.4929202098162300E+000	1.0677869015573398E+000	3.8214711224248967E+000	6.7098551650801930E-001	5.8602063304460961E-001 
115	5.6138712488766043E+006	3.1324323704468426E+001	-4.6756762955315736E+000	-1.7335391110616061E-006	4.5196738091810191E+000	5.5889609181589472E+000	1.2783916771700607E+000	3.3769877023756445E+000	8.8424484683264126E-001	5.5251157204364376E-001 
120	5.9773337576776808E+006	3.0714944831247220E+001	-5.2850551687527805E+000	-1.5726852768157071E-006	4.4676371264076264E+000	5.6337560450739836E+000	1.4048626061743652E+000	3.1155138806611644E+000	9.7966409576360547E-001	5.4591287007295819E-001 
122	5.9988837090015505E+006	3.0672740258591528E+001	-5.3272597414084721E+000	-2.7805278761143505E-006	4.4986071489238384E+000	5.6439667662327535E+000	1.3480279217213267E+000	3.2285860869318852E+000	9.8601777635697430E-001	5.4563018547581710E-001 
124	6.0015435887078112E+006	3.0665353002587526E+001	-5.3346469974124737E+000	-3.0037297781486534E-006	4.5264515356032620E+000	5.6590475192139849E+000	1.2998795248530961E+000	3.3247782721171548E+000	9.8662833328254562E-001	5.4559522993549625E-001 
125	6.0017012112089228E+006	3.0664866341832347E+001	-5.3351336581676527E+000	-3.0875081397225010E-006	4.5297465204888772E+000	5.6615542176699822E+000	1.2945429043098629E+000	3.3354446208727997E+000	9.8664033442422894E-001	5.4559364811289568E-001 
130	6.0022046140457476E+006	3.0663135441058778E+001	-5.3368645589412225E+000	-3.7089937973446143E-006	4.5324188446474736E+000	5.6689913719236893E+000	1.2929168331195229E+000	3.3386722484924234E+000	9.8664636518830384E-001	5.4558869035269630E-001 
135	6.0028832274235450E+006	3.0660487666525416E+001	-5.3395123334745840E+000	-3.9974081282859116E-006	4.5459832151179427E+000	5.6727077841355849E+000	1.2676462982845331E+000	3.3891758150335396E+000	9.8664636762931890E-001	5.4558116842279103E-001 
140	6.0039761410546200E+006	3.0656242527150138E+001	-5.3437574728498625E+000	-3.8054940003735509E-006	4.5145577111965274E+000	5.6779139936419663E+000	1.3331004108805544E+000	3.2582074548472559E+000	9.8664636762289148E-001	5.4556621378262238E-001 
145	6.0055380471616797E+006	3.0651177442713415E+001	-5.3488225572865851E+000	-2.7645380079384162E-006	4.4276720161346290E+000	5.7011568708729143E+000	1.5184932396198252E+000	2.8873500364553593E+000	9.8664636484812773E-001	5.4553345466823355E-001 
150	6.0068237815583721E+006	3.0629812760329933E+001	-5.3701872396700665E+000	-4.4612469988044128E-005	4.3197299428278386E+000	5.7166950399971048E+000	1.7421464707955008E+000	2.4397407537999642E+000	9.8664585537127969E-001	5.4548508413449404E-001 
155	6.0079911756140916E+006	3.0546022399511088E+001	-5.4539776004889120E+000	-9.5621541304409958E-005	4.2501729609124883E+000	5.7251666686783933E+000	1.8854962489668465E+000	2.1518515213702791E+000	9.8660330772484550E-001	5.4537356048459429E-001 
160	6.0090141191760348E+006	3.0460074570671360E+001	-5.5399254293286404E+000	-7.6913570356387825E-005	4.1482088636598959E+000	5.7332948399355796E+000	2.0934885291006249E+000	1.7346432574289523E+000	9.8621827590311140E-001	5.4520916846331513E-001 
165	6.0099345728757372E+006	3.0428143158432636E+001	-5.5718568415673637E+000	-1.3377045941530367E-006	3.8864708679026836E+000	5.7303580150697817E+000	2.6154961081821506E+000	6.9017258790678482E-001	9.8558300518927489E-001	5.4510700034939430E-001 
170	6.0103801370626483E+006	3.0427615382395231E+001	-5.5723846176047687E+000	-1.1817483172652067E-006	3.8892972636291736E+000	5.7445946439731763E+000	2.6169616311808670E+000	6.8723400900774279E-001	9.8524944989106988E-001	5.4499933398315425E-001 
175	6.0110957317346055E+006	3.0426767251307066E+001	-5.5732327486929343E+000	-1.2081660318174068E-006	3.8895176234210118E+000	5.7505866439406361E+000	2.6195169115809205E+000	6.8211134263247075E-001	9.8468907239535486E-001	5.4488412364561312E-001 
180	6.0122482041097404E+006	3.0423498079820344E+001	-5.5765019201796555E+000	-6.0099682001630859E-006	3.8875512947635209E+000	5.7571930046718380E+000	2.6267527492615041E+000	6.6759300245790520E-001	9.8372722885577091E-001	5.4464284851380518E-001 
182	6.0128866446591569E+006	3.0416609453628261E+001	-5.5833905463717386E+000	-1.0832679832455722E-005	3.8867889706972774E+000	5.7593682464373979E+000	2.6293650182767707E+000	6.6227011836990513E-001	9.8325325120399976E-001	5.4449425370993931E-001 
185	6.0141042723946180E+006	3.0403213678929259E+001	-5.5967863210707414E+000	-1.1070916044060343E-005	3.8857413892125159E+000	5.7611337029365259E+000	2.6323429094958568E+000	6.5612302622949970E-001	9.8215696724317558E-001	5.4420734978945429E-001 
190	6.0161164158218149E+006	3.0367618024266470E+001	-5.6323819757335301E+000	-2.6248810160015294E-005	3.8447867811267367E+000	5.7578171359702521E+000	2.7125938421842788E+000	4.9511239710088761E-001	9.7808596017641003E-001	5.4328960666475379E-001 
194	6.0182423490050966E+006	3.0298616530998707E+001	-5.7013834690012928E+000	-4.3655078471447061E-005	3.7796734364660738E+000	5.7624253840241844E+000	2.8451246555325715E+000	2.2906284092717549E-001	9.7258152037402190E-001	5.4138607404191708E-001 
195	6.0189130188550511E+006	3.0263723284226664E+001	-5.7362767157733359E+000	-5.2027456988510674E-005	3.7725858081821309E+000	5.7640329659941880E+000	2.8601037030854592E+000	1.9860430458178330E-001	9.7062734000257533E-001	5.4093099806642331E-001 
200	6.0234169760061111E+006	3.0097073157675084E+001	-5.9029268423249164E+000	-7.2656038391920956E-006	3.7584762090649253E+000	5.7676558009097363E+000	2.8901343187776436E+000	1.3614497978142051E-001	9.5813421654803621E-001	5.3937570064965146E-001 
205	6.0306706440374637E+006	3.0041992773003660E+001	-5.9580072269963402E+000	-7.7496964995922791E-006	3.7537608277629380E+000	5.7686687078353538E+000	2.9000715348444284E+000	1.1547502103158648E-001	9.3732078571299537E-001	5.3872179435872836E-001 
210	6.0423527489386359E+006	2.9949075212891685E+001	-6.0509247871083147E+000	-8.0415969675138702E-006	3.7517264718507279E+000	5.7699290679324848E+000	2.9047704267174130E+000	1.0473191648196221E-001	9.0486143984153666E-001	5.3793893633427792E-001 
215	6.0611668957030252E+006	2.9796399104559814E+001	-6.2036008954401858E+000	-8.1214938599080523E-006	3.7513331251123772E+000	5.7718853147382898E+000	2.9065352435970171E+000	9.8982648969461073E-002	8.5256549115371105E-001	5.3658669957500293E-001 
220	6.0771826839634944E+006	2.9666820022962376E+001	-6.3331799770376236E+000	-8.0252091211732049E-006	3.7526168821406145E+000	5.7736935245076602E+000	2.9048718344252271E+000	1.0041668148637690E-001	8.0757001386451399E-001	5.3567790547946315E-001 
225	6.0917779934432833E+006	2.9549350434160868E+001	-6.4506495658391323E+000	-8.0695509430077701E-006	3.7530239381736350E+000	5.7753181427862428E+000	2.9048700314984774E+000	9.8697228900442927E-002	7.6863312970665876E-001	5.3417376895099955E-001 
230	6.1045046522901133E+006	2.9447053850574804E+001	-6.5529461494251962E+000	-8.0250020023022481E-006	3.7527842181802766E+000	5.7767180807037555E+000	2.9060494404439510E+000	9.4832323076449704E-002	7.3376821908721179E-001	5.3327911867251132E-001 
235	6.1178424668841800E+006	2.9338529921403989E+001	-6.6614700785960110E+000	-8.1802884422037644E-006	3.7518086584656993E+000	5.7781438035284483E+000	2.9087134212854524E+000	8.7900859510444754E-002	6.9751374497524166E-001	5.3158968501157600E-001 
240	6.1316792814753214E+006	2.9224231662649316E+001	-6.7757683373506836E+000	-8.3125398674058079E-006	3.7520742298045602E+000	5.7797058214705999E+000	2.9089632875788056E+000	8.5705880157549513E-002	6.6339427153391795E-001	5.3004025801895138E-001 
245	6.1451752138240580E+006	2.9114487070096242E+001	-6.8855129299037579E+000	-8.0792130430419634E-006	3.7533747651649101E+000	5.7812249287537432E+000	2.9071217704996770E+000	8.7754955661212428E-002	6.2690283288638871E-001	5.2884532935972217E-001 
250	6.1595162183248317E+006	2.8998677810341210E+001	-7.0013221896587901E+000	-8.0434440155768735E-006	3.7538148958005184E+000	5.7827503869527392E+000	2.9070042383279593E+000	8.6259073526391311E-002	5.9006469487685975E-001	5.2734489902428805E-001 
255	6.1743074551904397E+006	2.8879715406212039E+001	-7.1202845937879609E+000	-8.0525540917809841E-006	3.7548959101617223E+000	5.7844216748256194E+000	2.9056778535419907E+000	8.7126555513424617E-002	5.5333054888061839E-001	5.2553629125022672E-001 
260	6.1894941395624513E+006	2.8758575290145565E+001	-7.2414247098544351E+000	-7.9866699833979176E-006	3.7556012811354282E+000	5.7861590588923635E+000	2.9051358036279509E+000	8.6385113300813804E-002	5.1736634078565324E-001	5.2374241250799658E-001 
265	6.2038861939718183E+006	2.8644493771229531E+001	-7.3555062287704693E+000	-7.9602985394222075E-006	3.7549975927441150E+000	5.7877422350886434E+000	2.9071347685087181E+000	8.0660967844148043E-002	4.8337222246951406E-001	5.2226310340995630E-001 
270	6.2186276715991097E+006	2.8526155230735892E+001	-7.4738447692641081E+000	-8.0067815080650822E-006	3.7552774493289878E+000	5.7894537971638416E+000	2.9074308363765704E+000	7.8270921836996590E-002	4.4993186070561758E-001	5.2038042878258095E-001 
275	6.2342902781146057E+006	2.8400904936856406E+001	-7.5990950631435936E+000	-8.0292101901528946E-006	3.7553398613886273E+000	5.7912712207527530E+000	2.9082147240517489E+000	7.4792083484197636E-002	4.1219332956657595E-001	5.1811853639756877E-001 
280	6.2495857148044556E+006	2.8280714992276994E+001	-7.7192850077230055E+000	-7.7832199002067693E-006	3.7571462361379004E+000	5.7930670181272621E+000	2.9054998732404571E+000	7.8379992017299852E-002	3.8009051146959660E-001	5.1616294787303429E-001 
285	6.2663096668371707E+006	2.8149451416664512E+001	-7.8505485833354882E+000	-7.8332417016640639E-006	3.7575141831700729E+000	5.7950660328726791E+000	2.9057634865488198E+000	7.5832315949140222E-002	3.4425050785816819E-001	5.1335004984808730E-001 
290	6.2834151425670078E+006	2.8015517471152993E+001	-7.9844825288470069E+000	-7.8569738335321287E-006	3.7573684906696188E+000	5.7971899148828498E+000	2.9071168125548130E+000	7.1054376980752385E-002	3.0947307327256324E-001	5.1065384091921018E-001 
295	6.3009420465745302E+006	2.7879076523281782E+001	-8.1209234767182181E+000	-7.7122262545299616E-006	3.7596144143789574E+000	5.7993615353524666E+000	2.9037107753709441E+000	7.5746186606345550E-002	2.7153637350445453E-001	5.0772139371411751E-001 
300	6.3191686806764556E+006	2.7740929671834103E+001	-8.2590703281658975E+000	-7.4084210432753495E-006	3.7652857750170230E+000	5.8016471513255690E+000	2.8935108620813645E+000	9.3988640586871508E-002	2.3950611544228786E-001	5.0403341805275093E-001 
305	6.3358819390578782E+006	2.7610285628481112E+001	-8.3897143715188882E+000	-7.1828816949216965E-006	3.7897258348197020E+000	5.8040210636369816E+000	2.8458176986317132E+000	1.8732485558981576E-001	2.0693211388953742E-001	5.0161306811579309E-001 
310	6.3546893305850103E+006	2.7506801916299729E+001	-8.4931980837002712E+000	-4.4495355031314477E-006	3.8364583678934019E+000	5.8069131493571815E+000	2.7537986753444130E+000	3.6973210271625384E-001	1.7897629313780924E-001	4.9663313775776829E-001 
315	6.3751972015378056E+006	2.7372541685650642E+001	-8.6274583143493579E+000	-1.1873730911302775E-005	3.8554706967696171E+000	5.8090452337134355E+000	2.7168400597701097E+000	4.4152435970109744E-001	1.4071887224495658E-001	4.7736938205701884E-001 
320	6.3958906741327057E+006	2.7205696672280546E+001	-8.7943033277194544E+000	-7.2522759293771417E-006	3.8582637439011238E+000	5.8118349732322372E+000	2.7126488352664984E+000	4.4725153449875349E-001	1.1481734394968313E-001	4.7208786158521593E-001 
325	6.4145738437853958E+006	2.7081829158404890E+001	-8.9181708415951100E+000	-6.3131702129262736E-006	3.8615357515988702E+000	5.8143603135551905E+000	2.7073674900324813E+000	4.5583236742972350E-001	8.6657091506897779E-002	4.6800247102217218E-001 
330	6.4348572990075555E+006	2.6963429015920912E+001	-9.0365709840790878E+000	-5.5754360656743059E-006	3.8621328020317516E+000	5.8174430719550996E+000	2.7077147683666740E+000	4.5323493851916213E-001	6.6288901683251134E-002	4.6506736949621064E-001 
335	6.4526817672063224E+006	2.6861390456111472E+001	-9.1386095438885278E+000	-5.7459121083399514E-006	3.8580427946931444E+000	5.8199334543837784E+000	2.7171399742582274E+000	4.3273789468085389E-001	4.3425315388372208E-002	4.5844111100375112E-001 
340	6.4682006218334688E+006	2.6772292073176050E+001	-9.2277079268239497E+000	-5.8057699475740011E-006	3.8572684167786657E+000	5.8226377277530119E+000	2.7200408667718001E+000	4.2549317417636301E-001	2.6669861753950249E-002	4.5050700996353082E-001 
345	6.4824155719123306E+006	2.6694932802421611E+001	-9.3050671975783885E+000	-4.7584755942615405E-006	3.8479362077499428E+000	5.8256772763291513E+000	2.7402250591173170E+000	3.8386806714993449E-001	7.9725470298251284E-003	4.3639623257116894E-001 
350	6.4853675907331798E+006	2.6683912904908976E+001	-9.3160870950910244E+000	-3.0682387236260417E-006	3.8430918664169567E+000	5.8257429356415313E+000	2.7499465714394788E+000	3.6424572499937896E-001	3.8981515149548954E-003	4.2699972002148523E-001 
355	6.4885578479175568E+006	2.6673594272465444E+001	-9.3264057275345564E+000	-3.3261763364823947E-006	3.8362227559390982E+000	5.8246871262845046E+000	2.7631568877166828E+000	3.3765711888608740E-001	5.6177002732828742E-005	4.1652755908785039E-001 
360	6.4895870163061870E+006	2.6669855468419630E+001	-9.3301445315803697E+000	-3.8336475258757537E-006	3.8283334186927211E+000	5.8243320321089023E+000	2.7787580151216353E+000	3.0639398530000433E-001	3.4690170862490510E-017	4.0753179867497885E-001 
365	6.4905278677043095E+006	2.6665863028185079E+001	-9.3341369718149210E+000	-5.3300267383561223E-006	3.8674707996336672E+000	5.8342143341014046E+000	2.7054244042359943E+000	4.5299618892527477E-001	1.6874737286939389E-016	3.9724542849540806E-001 
370	6.4914894167166920E+006	2.6662181252042636E+001	-9.3378187479573640E+000	-3.0897316203801337E-006	3.8822697062744527E+000	5.8248933875992330E+000	2.6711661177033372E+000	5.2145279447869541E-001	8.6768076359485866E-016	3.7171590020241768E-001 
375	6.4922382859595064E+006	2.6660375053075743E+001	-9.3396249469242569E+000	-2.5528132888327332E-006	3.8819857373530082E+000	5.8688277484306566E+000	2.6937012359619388E+000	4.7635313618207265E-001	3.4330298417932916E-015	3.6840097283960399E-001 
380	6.4928844165572217E+006	2.6658771308459574E+001	-9.3412286915404259E+000	-2.4921699194543284E-006	3.8834637666451108E+000	5.8771490541553586E+000	2.6949058302400846E+000	4.7391782202231908E-001	1.3694652730937771E-014	3.6735724321388125E-001 
385	6.4931152692506388E+006	2.6658195088844611E+001	-9.3418049111553891E+000	-2.4647692147196418E-006	3.8852911352193935E+000	5.8733153199817885E+000	2.6893342260047333E+000	4.8505164327480316E-001	2.6120379439732678E-014	3.6673745005743236E-001 
390	6.4933269831963563E+006	2.6657673304414711E+001	-9.3423266955852888E+000	-2.4700439465755996E-006	3.8858543921896720E+000	5.8758920985473750E+000	2.6894961013469709E+000	4.8471939200296188E-001	6.4152246128835863E-014	3.6612425944791044E-001 
395	6.4934820938417166E+006	2.6657288509955098E+001	-9.3427114900449020E+000	-2.4805684878288410E-006	3.8864827674784874E+000	5.8754830234849216E+000	2.6880348132381133E+000	4.8763569928209788E-001	4.0300528952987267E-013	3.6571027635930603E-001 
400	6.4934966445725188E+006	2.6657252851670719E+001	-9.3427471483292805E+000	-2.4414386153556255E-006	3.8873027411523648E+000	5.8706717853171755E+000	2.6839892468064841E+000	4.9572625120830743E-001	7.5011035469026838E-013	3.6559605183913929E-001 
405	6.4935139636530243E+006	2.6657211065871550E+001	-9.3427889341284498E+000	-2.4010250692128816E-006	3.8877756634364844E+000	5.8681267190221735E+000	2.6817708690907440E+000	5.0016232587360654E-001	2.9691331287250460E-012	3.6548072017674554E-001 
410	6.4935165997967459E+006	2.6657204890292032E+001	-9.3427951097079678E+000	-2.0679786768875352E-006	3.8879439742841786E+000	5.8696442804983597E+000	2.6821930281334496E+000	4.9931790717675512E-001	1.3239386974609655E-013	3.6547114028498023E-001 
415	6.4935168519982593E+006	2.6657204445157941E+001	-9.3427955548420591E+000	-7.8586106033272053E-007	3.8868323005447700E+000	5.8773611506255525E+000	2.6882748106758627E+000	4.8715433483988219E-001	4.1108646517540033E-012	3.6547028017256022E-001 
420	6.4935168606708860E+006	2.6657204441405259E+001	-9.3427955585947409E+000	0.0000000000000000E+000	3.8859117847345597E+000	5.8856513515347304E+000	2.6942609427508719E+000	4.7518207062872614E-001	9.7947933460350863E-011	3.6547027061285425E-001 
425	6.4935168627203889E+006	2.6657204441405259E+001	-9.3427955585947409E+000	0.0000000000000000E+000	3.8856948758136283E+000	5.8875346215738205E+000	2.6956363956122806E+000	4.7243116490590875E-001	3.5085130553197775E-010	3.6547026596449239E-001 
430	6.4935168649556050E+006	2.6657204441405259E+001	-9.3427955585947409E+000	0.0000000000000000E+000	3.8855254946267213E+000	5.8890805882968724E+000	2.6967481413476202E+000	4.7020767343522946E-001	3.9408717641619453E-010	3.6547026007826094E-001 
435	6.4935168677215409E+006	2.6657204441405259E+001	-9.3427955585947409E+000	0.0000000000000000E+000	3.8853760807757123E+000	5.8905002791215750E+000	2.6977568144619899E+000	4.6819032720649006E-001	4.0088478944342791E-010	3.6547025218521095E-001 
440	6.4935168704989720E+006	2.6657204441405259E+001	-9.3427955585947409E+000	0.0000000000000000E+000	3.8852569799056522E+000	5.8916102447970751E+000	2.6985499990398587E+000	4.6660395805075222E-001	4.2473410443222460E-010	3.6547024387565707E-001 
445	6.4935168733804394E+006	2.6657204441405259E+001	-9.3427955585947409E+000	0.0000000000000000E+000	3.8850888942642663E+000	5.8930803617829843E+000	2.6996212288155861E+000	4.6446149849929763E-001	3.7874173818540709E-010	3.6547023480980850E-001 
450	6.4935168771907883E+006	2.6657204441405259E+001	-9.3427955585947409E+000	0.0000000000000000E+000	3.8847668466185095E+000	5.8958028163807752E+000	2.7016265514059947E+000	4.6045085331848018E-001	3.8057130200523791E-010	3.6547022166833870E-001 
455	6.4935168800543100E+006	2.6657204441405259E+001	-9.3427955585947409E+000	0.0000000000000000E+000	3.8845738120208009E+000	5.8974609590554152E+000	2.7028416919387324E+000	4.5802057225300502E-001	3.8628176648101326E-010	3.6547021078202679E-001 
460	6.4935168826138759E+006	2.6657204441405259E+001	-9.3427955585947409E+000	0.0000000000000000E+000	3.8844774559597397E+000	5.8983327151068004E+000	2.7034702820865473E+000	4.5676339195737520E-001	4.2265131914950320E-010	3.6547020082636267E-001 
465	6.4935168852592558E+006	2.6657204441405259E+001	-9.3427955585947409E+000	0.0000000000000000E+000	3.8844111611639787E+000	5.8989538234091903E+000	2.7039134258292639E+000	4.5587710447194191E-001	4.9618954013111923E-010	3.6547019054532820E-001 
470	6.4935168875170508E+006	2.6657204441405259E+001	-9.3427955585947409E+000	0.0000000000000000E+000	3.8843757610004355E+000	5.8992865548609865E+000	2.7041505918822479E+000	4.5540277236597348E-001	6.8700515541834516E-010	3.6547018182928914E-001 
475	6.4935168893601084E+006	2.6657204441405259E+001	-9.3427955585947409E+000	0.0000000000000000E+000	3.8843532457932972E+000	5.8994966974317711E+000	2.7043006935819172E+000	4.5510256896663503E-001	1.0039236201816160E-009	3.6547017476512372E-001 
480	6.4935168912343653E+006	2.6657204441405259E+001	-9.3427955585947409E+000	0.0000000000000000E+000	3.8843424449793340E+000	5.8996013859366458E+000	2.7043746394622823E+000	4.5495467720590510E-001	1.7696347792394924E-009	3.6547016762414736E-001 
485	6.4935168926897207E+006	2.6657204441405259E+001	-9.3427955585947409E+000	0.0000000000000000E+000	3.8843311652533830E+000	5.8997039108924447E+000	2.7044484613920834E+000	4.5480703334630257E-001	2.8826196989108662E-009	3.6547016211818134E-001 
490	6.4935168937935811E+006	2.6657204441405259E+001	-9.3427955585947409E+000	0.0000000000000000E+000	3.8843313417613565E+000	5.8997094323822221E+000	2.7044508691210249E+000	4.5480221788842012E-001	8.0401603022027582E-009	3.6547015796553128E-001 
495	6.4935168947369000E+006	2.6657204441405259E+001	-9.3427955585947409E+000	0.0000000000000000E+000	3.8842750758356335E+000	5.8999887585299300E+000	2.7047030640463245E+000	4.5429782803782071E-001	7.5527763287518134E-008	3.6547015435864483E-001 
500	6.4935168951755455E+006	2.6657204441405259E+001	-9.3427955585947409E+000	0.0000000000000000E+000	3.8842480240817499E+000	5.8999594481044202E+000	2.7047425123413364E+000	4.5421893144779690E-001	4.8380146955028307E-007	3.6547015236711150E-001 
505	6.4935168952995837E+006	2.6657204441405259E+001	-9.3427955585947409E+000	0.0000000000000000E+000	3.8841954993863355E+000	5.9004010788342933E+000	2.7050683770971027E+000	4.5356720193626482E-001	8.9911057627047925E-007	3.6547015177352543E-001 
510	6.4935168953391211E+006	2.6657204441405259E+001	-9.3427955585947409E+000	0.0000000000000000E+000	3.8841737538593413E+000	5.9005875674811881E+000	2.7052051124745380E+000	4.5329373118139399E-001	9.6089787430048081E-007	3.6547015158276625E-001 
515	6.4935168953826511E+006	2.6657204441405259E+001	-9.3427955585947409E+000	0.0000000000000000E+000	3.8841592568754848E+000	5.9007103842033066E+000	2.7052955148033093E+000	4.5311292652385088E-001	1.0733274286910767E-006	3.6547015137172056E-001 
520	6.4935168954349402E+006	2.6657204441405259E+001	-9.3427955585947409E+000	0.0000000000000000E+000	3.8841434652755149E+000	5.9008433972728405E+000	2.7053936045380169E+000	4.5291674705443580E-001	1.2292023238445838E-006	3.6547015111719539E-001 
525	6.4935168954867357E+006	2.6657204441405259E+001	-9.3427955585947409E+000	0.0000000000000000E+000	3.8841266818285485E+000	5.9009837442544866E+000	2.7054973449227728E+000	4.5270926628492392E-001	1.3259208949264932E-006	3.6547015086380630E-001 
530	6.4935168955120631E+006	2.6657204441405259E+001	-9.3427955585947409E+000	0.0000000000000000E+000	3.8841175771489849E+000	5.9010596055210778E+000	2.7055534849151961E+000	4.5259698630007789E-001	1.3564323982576666E-006	3.6547015073932054E-001 
535	6.4935168955345694E+006	2.6657204441405259E+001	-9.3427955585947409E+000	0.0000000000000000E+000	3.8841090900761550E+000	5.9011311964611135E+000	2.7056062545308723E+000	4.5249144706872507E-001	1.3616823293943747E-006	3.6547015062835136E-001 
540	6.4935168955546711E+006	2.6657204441405259E+001	-9.3427955585947409E+000	0.0000000000000000E+000	3.8841015169465640E+000	5.9011951031495098E+000	2.7056533541342538E+000	4.5239724786196234E-001	1.3664654342032868E-006	3.6547015052891907E-001 
545	6.4935168955859859E+006	2.6657204441405259E+001	-9.3427955585947409E+000	0.0000000000000000E+000	3.8840899150408839E+000	5.9012911345581944E+000	2.7057245736499560E+000	4.5225480883055741E-001	1.3923638871142435E-006	3.6547015037345376E-001 
550	6.4935168956195377E+006	2.6657204441405259E+001	-9.3427955585947409E+000	0.0000000000000000E+000	3.8840775924001387E+000	5.9013943224098044E+000	2.7058008128572517E+000	4.5210233041596665E-001	1.3837434572015616E-006	3.6547015020610796E-001 
555	6.4935168956500553E+006	2.6657204441405259E+001	-9.3427955585947409E+000	0.0000000000000000E+000	3.8840655146772414E+000	5.9014946302204896E+000	2.7058751222083890E+000	4.5195371171369186E-001	1.3883923806638936E-006	3.6547015005303884E-001 
560	6.4935168956935192E+006	2.6657204441405259E+001	-9.3427955585947409E+000	0.0000000000000000E+000	3.8840483824463119E+000	5.9016205385415974E+000	2.7059723408308018E+000	4.5175927446886643E-001	1.3997818834290948E-006	3.6547014983311055E-001 
565	6.4935168957475619E+006	2.6657204441405259E+001	-9.3427955585947409E+000	0.0000000000000000E+000	3.8840286827590864E+000	5.9017833350778055E+000	2.7060931384733569E+000	4.5151767918375607E-001	1.4330903665153709E-006	3.6547014955676121E-001 
570	6.4935168958076257E+006	2.6657204441405259E+001	-9.3427955585947409E+000	0.0000000000000000E+000	3.8840054722011290E+000	5.9019795062699707E+000	2.7062376451853538E+000	4.5122866575976200E-001	1.4954673213304486E-006	3.6547014924684590E-001 
575	6.4935168958780775E+006	2.6657204441405259E+001	-9.3427955585947409E+000	0.0000000000000000E+000	3.8839764773520686E+000	5.9022236241209072E+000	2.7064176938089428E+000	4.5086856851258450E-001	1.6044466889886215E-006	3.6547014887926382E-001 
580	6.4935168959580502E+006	2.6657204441405259E+001	-9.3427955585947409E+000	0.0000000000000000E+000	3.8839461238277697E+000	5.9024784244823376E+000	2.7066058010382550E+000	4.5049235405395938E-001	1.8270911263999175E-006	3.6547014845693887E-001 
585	6.4935168960399991E+006	2.6657204441405259E+001	-9.3427955585947409E+000	0.0000000000000000E+000	3.8839182409601865E+000	5.9027103043576288E+000	2.7067775067110689E+000	4.5014894270833195E-001	2.1772969866825084E-006	3.6547014801883726E-001 
590	6.4935168960904256E+006	2.6657204441405259E+001	-9.3427955585947409E+000	0.0000000000000000E+000	3.8838954483104180E+000	5.9029040115859521E+000	2.7069199456247675E+000	4.4986406488093511E-001	2.2297794659001247E-006	3.6547014774666498E-001 
595	6.4935168961372897E+006	2.6657204441405259E+001	-9.3427955585947409E+000	0.0000000000000000E+000	3.8838759507069200E+000	5.9030675670637169E+000	2.7070407185706444E+000	4.4962251898918054E-001	2.1871407538512932E-006	3.6547014749144008E-001 
600	6.4935168961676396E+006	2.6657204441405259E+001	-9.3427955585947409E+000	0.0000000000000000E+000	3.8838652340348121E+000	5.9031567962839908E+000	2.7071067665249968E+000	4.4949042308047576E-001	2.2536193747356910E-006	3.6547014732495570E-001 
605	6.4935168962165192E+006	2.6657204441405259E+001	-9.3427955585947409E+000	0.0000000000000000E+000	3.8838467792480382E+000	5.9033110016134946E+000	2.7072207787632978E+000	4.4926239860387418E-001	2.3395478237526046E-006	3.6547014705532105E-001 
610	6.4935168962952420E+006	2.6657204441405259E+001	-9.3427955585947409E+000	0.0000000000000000E+000	3.8838204178144662E+000	5.9035305715383961E+000	2.7073832865928922E+000	4.4893738294468505E-001	2.5751261483083629E-006	3.6547014661719129E-001 
615	6.4935168963544220E+006	2.6657204441405259E+001	-9.3427955585947409E+000	0.0000000000000000E+000	3.8838021755659753E+000	5.9036812867567514E+000	2.7074951286990516E+000	4.4871369873236677E-001	2.8319185038579862E-006	3.6547014628496072E-001 
620	6.4935168964329669E+006	2.6657204441405259E+001	-9.3427955585947409E+000	0.0000000000000000E+000	3.8837814373205970E+000	5.9038502155815387E+000	2.7076210696022014E+000	4.4846181692606679E-001	3.3536244964828176E-006	3.6547014584010545E-001 
625	6.4935168965058019E+006	2.6657204441405259E+001	-9.3427955585947409E+000	0.0000000000000000E+000	3.8837638630579647E+000	5.9039927817866964E+000	2.7077275012300452E+000	4.4824895367037937E-001	3.9308433248991489E-006	3.6547014542459350E-001 
630	6.4935168965801364E+006	2.6657204441405259E+001	-9.3427955585947409E+000	0.0000000000000000E+000	3.8837469185466182E+000	5.9041315355157096E+000	2.7078307671172457E+000	4.4804242189597798E-001	4.7106933186966255E-006	3.6547014499755798E-001 
635	6.4935168966116402E+006	2.6657204441405259E+001	-9.3427955585947409E+000	0.0000000000000000E+000	3.8837402122930893E+000	5.9041859328554906E+000	2.7078713782941928E+000	4.4796119954208413E-001	4.9519302865374805E-006	3.6547014481583612E-001 
640	6.4935168966198470E+006	2.6657204441405259E+001	-9.3427955585947409E+000	0.0000000000000000E+000	3.8837381163794049E+000	5.9042023370748389E+000	2.7078837722312357E+000	4.4793641166799825E-001	4.9432579777371890E-006	3.6547014476840012E-001 
645	6.4935168966328511E+006	2.6657204441405259E+001	-9.3427955585947409E+000	0.0000000000000000E+000	3.8837352358185506E+000	5.9042254832276591E+000	2.7079011064293539E+000	4.4790174327176235E-001	5.1398834152807417E-006	3.6547014469318628E-001 
650	6.4935168966537947E+006	2.6657204441405259E+001	-9.3427955585947409E+000	0.0000000000000000E+000	3.8837303170309454E+000	5.9042666676754694E+000	2.7079315362284704E+000	4.4784088367352892E-001	5.4442143085500549E-006	3.6547014457193056E-001 
655	6.4935168966755792E+006	2.6657204441405259E+001	-9.3427955585947409E+000	0.0000000000000000E+000	3.8837257232791269E+000	5.9043030259965148E+000	2.7079589028926301E+000	4.4778615034520941E-001	5.7203290793829565E-006	3.6547014444554143E-001 
660	6.4935168966848636E+006	2.6657204441405259E+001	-9.3427955585947409E+000	0.0000000000000000E+000	3.8837240107817239E+000	5.9043174613183291E+000	2.7079695455483432E+000	4.4776486503378299E-001	5.7801823951897362E-006	3.6547014439160680E-001 
665	6.4935168966990709E+006	2.6657204441405259E+001	-9.3427955585947409E+000	0.0000000000000000E+000	3.8837210252689132E+000	5.9043413655329333E+000	2.7079874686812664E+000	4.4772901876793736E-001	6.0026463579411597E-006	3.6547014430896335E-001 
670	6.4935168967219517E+006	2.6657204441405259E+001	-9.3427955585947409E+000	0.0000000000000000E+000	3.8837164873233001E+000	5.9043783598631752E+000	2.7080150417376148E+000	4.4767387265524045E-001	6.3230173251539926E-006	3.6547014417562490E-001 
675	6.4935168967588004E+006	2.6657204441405259E+001	-9.3427955585947409E+000	0.0000000000000000E+000	3.8837096984850432E+000	5.9044332829015618E+000	2.7080560809333210E+000	4.4759179426382767E-001	6.7793995539923679E-006	3.6547014396045863E-001 
680	6.4935168967668209E+006	2.6657204441405259E+001	-9.3427955585947409E+000	0.0000000000000000E+000	3.8837083634901379E+000	5.9044441620284136E+000	2.7080641904865570E+000	4.4757557515735591E-001	6.7386260870313356E-006	3.6547014391356486E-001 
685	6.4935168967757979E+006	2.6657204441405259E+001	-9.3427955585947409E+000	0.0000000000000000E+000	3.8837066040529518E+000	5.9044583029319533E+000	2.7080747798126992E+000	4.4755439650507112E-001	6.8483176849495988E-006	3.6547014386103216E-001 
690	6.4935168967902530E+006	2.6657204441405259E+001	-9.3427955585947409E+000	0.0000000000000000E+000	3.8837036608811437E+000	5.9044820452537552E+000	2.7080925373172171E+000	4.4751888149603547E-001	7.0775424727416073E-006	3.6547014377630405E-001 
695	6.4935168968135342E+006	2.6657204441405259E+001	-9.3427955585947409E+000	0.0000000000000000E+000	3.8836997740667623E+000	5.9045136314055497E+000	2.7081161040218764E+000	4.4747174808671680E-001	7.4324050349833346E-006	3.6547014363976427E-001 
700	6.4935168968510302E+006	2.6657204441405259E+001	-9.3427955585947409E+000	0.0000000000000000E+000	3.8836938168840214E+000	5.9045611195936614E+000	2.7081517624814149E+000	4.4740043116764039E-001	7.9102197302855944E-006	3.6547014341931838E-001 
705	6.4935168968910109E+006	2.6657204441405259E+001	-9.3427955585947409E+000	0.0000000000000000E+000	3.8836877830288028E+000	5.9046092095089815E+000	2.7081878751495116E+000	4.4732820583144622E-001	8.4835775323933246E-006	3.6547014318353982E-001 
710	6.4935168969102353E+006	2.6657204441405259E+001	-9.3427955585947409E+000	0.0000000000000000E+000	3.8836849485178631E+000	5.9046322165442504E+000	2.7082050476890260E+000	4.4729386075241762E-001	8.7595949979586062E-006	3.6547014307003534E-001 
715	6.4935168969396539E+006	2.6657204441405259E+001	-9.3427955585947409E+000	0.0000000000000000E+000	3.8836809937066388E+000	5.9046624686011988E+000	2.7082280833399475E+000	4.4724778945057470E-001	9.2355076423361996E-006	3.6547014289610241E-001 
720	6.4935168969870340E+006	2.6657204441405259E+001	-9.3427955585947409E+000	0.0000000000000000E+000	3.8836749139397719E+000	5.9047114699203957E+000	2.7082647435332796E+000	4.4717446906391084E-001	1.0058331783059909E-005	3.6547014261547828E-001 
725	6.4935168970532445E+006	2.6657204441405259E+001	-9.3427955585947409E+000	0.0000000000000000E+000	3.8836674512883764E+000	5.9047693963527843E+000	2.7083086320522649E+000	4.4708669202593992E-001	1.1342819688128050E-005	3.6547014222236102E-001 
730	6.4935168971209507E+006	2.6657204441405259E+001	-9.3427955585947409E+000	0.0000000000000000E+000	3.8836610908726934E+000	5.9048191465625379E+000	2.7083462279885087E+000	4.4701150015345231E-001	1.3102569879595453E-005	3.6547014181969983E-001 
735	6.4935168971889643E+006	2.6657204441405259E+001	-9.3427955585947409E+000	0.0000000000000000E+000	3.8836547029601745E+000	5.9048682185882004E+000	2.7083835398263778E+000	4.4693687647771430E-001	1.5096107624865401E-005	3.6547014141400841E-001 
740	6.4935168972336426E+006	2.6657204441405259E+001	-9.3427955585947409E+000	0.0000000000000000E+000	3.8836508006171617E+000	5.9048992559396325E+000	2.7084068631881189E+000	4.4689022975423226E-001	1.6710918265890932E-005	3.6547014114700360E-001 
745	6.4935168972852118E+006	2.6657204441405259E+001	-9.3427955585947409E+000	0.0000000000000000E+000	3.8836465284171480E+000	5.9049333890662039E+000	2.7084324741514330E+000	4.4683900782760377E-001	1.9202450736550867E-005	3.6547014083812313E-001 
750	6.4935168973544780E+006	2.6657204441405259E+001	-9.3427955585947409E+000	0.0000000000000000E+000	3.8836400568685376E+000	5.9049855101445345E+000	2.7084714777878185E+000	4.4676100055483287E-001	2.3479570756168720E-005	3.6547014042211085E-001 
755	6.4935168974001464E+006	2.6657204441405259E+001	-9.3427955585947409E+000	0.0000000000000000E+000	3.8836357102346941E+000	5.9050201975748591E+000	2.7084975147706669E+000	4.4670892658913591E-001	2.7494280762328457E-005	3.6547014014711526E-001 
760	6.4935168974700328E+006	2.6657204441405259E+001	-9.3427955585947409E+000	0.0000000000000000E+000	3.8836310846673823E+000	5.9050574016920585E+000	2.7085253679638912E+000	4.4665322020268688E-001	3.6697367782072129E-005	3.6547013972512032E-001 
765	6.4935168975555189E+006	2.6657204441405259E+001	-9.3427955585947409E+000	0.0000000000000000E+000	3.8836290195283008E+000	5.9050703342618611E+000	2.7085359645269564E+000	4.4663202707655658E-001	6.2043743788207703E-005	3.6547013920777216E-001 
770	6.4935168975795638E+006	2.6657204441405259E+001	-9.3427955585947409E+000	0.0000000000000000E+000	3.8836297953668608E+000	5.9050624739043611E+000	2.7085304826710845E+000	4.4664299078830050E-001	6.1992914636130572E-005	3.6547013906236647E-001 
775	6.4935168976163585E+006	2.6657204441405259E+001	-9.3427955585947409E+000	0.0000000000000000E+000	3.8836342738880658E+000	5.9050197516017988E+000	2.7085001644773934E+000	4.4670362717568274E-001	5.3282714688968748E-005	3.6547013884014301E-001 
780	6.4935168976669451E+006	2.6657204441405259E+001	-9.3427955585947409E+000	0.0000000000000000E+000	3.8836412084971741E+000	5.9049563671688023E+000	2.7084546030426795E+000	4.4679475004511088E-001	5.1184224396347319E-005	3.6547013853550975E-001 
785	6.4935168977101343E+006	2.6657204441405259E+001	-9.3427955585947409E+000	0.0000000000000000E+000	3.8836467519368796E+000	5.9049060828582096E+000	2.7084183740079726E+000	4.4686720811452446E-001	5.3460866345277459E-005	3.6547013827631819E-001 
790	6.4935168977511376E+006	2.6657204441405259E+001	-9.3427955585947409E+000	0.0000000000000000E+000	3.8836529408406850E+000	5.9048498273550578E+000	2.7083778684487863E+000	4.4694821923289713E-001	5.6362248397205725E-005	3.6547013803124406E-001 
795	6.4935168977933982E+006	2.6657204441405259E+001	-9.3427955585947409E+000	0.0000000000000000E+000	3.8836624534991113E+000	5.9047643833674499E+000	2.7083161211381288E+000	4.4707171385421179E-001	6.4650845139658573E-005	3.6547013777993309E-001 
800	6.4935168978424519E+006	2.6657204441405259E+001	-9.3427955585947409E+000	0.0000000000000000E+000	3.8836759265742833E+000	5.9046451268175897E+000	2.7082295467128539E+000	4.4724486270476210E-001	7.9860299746741748E-005	3.6547013749012625E-001 
805	6.4935168978828359E+006	2.6657204441405259E+001	-9.3427955585947409E+000	0.0000000000000000E+000	3.8836914410271079E+000	5.9045064642412450E+000	2.7081291865190318E+000	4.4744558309240584E-001	1.0058768423732811E-004	3.6547013725351596E-001 
810	6.4935168979199296E+006	2.6657204441405259E+001	-9.3427955585947409E+000	0.0000000000000000E+000	3.8837112142732106E+000	5.9043319208153617E+000	2.7080023683138870E+000	4.4769921950269581E-001	1.3161620029364087E-004	3.6547013703844139E-001 
815	6.4935168979491908E+006	2.6657204441405259E+001	-9.3427955585947409E+000	0.0000000000000000E+000	3.8837305691543005E+000	5.9041607119320094E+000	2.7078780541100307E+000	4.4794784791040876E-001	1.6800526904758300E-004	3.6547013687042595E-001 
820	6.4935168979647169E+006	2.6657204441405259E+001	-9.3427955585947409E+000	0.0000000000000000E+000	3.8837412275206589E+000	5.9040655190880775E+000	2.7078091409553475E+000	4.4808567421977474E-001	1.9241584478076970E-004	3.6547013678196016E-001 
825	6.4935168979785228E+006	2.6657204441405259E+001	-9.3427955585947409E+000	0.0000000000000000E+000	3.8837509449394800E+000	5.9039810536758877E+000	2.7077474734116103E+000	4.4820900930724938E-001	2.1877484841434559E-004	3.6547013670378592E-001 
830	6.4935168979888288E+006	2.6657204441405259E+001	-9.3427955585947409E+000	0.0000000000000000E+000	3.8837583702556375E+000	5.9039153186460869E+000	2.7076997552643940E+000	4.4830444560168148E-001	2.4262565248539625E-004	3.6547013664564221E-001 
835	6.4935168979921844E+006	2.6657204441405259E+001	-9.3427955585947409E+000	0.0000000000000000E+000	3.8837533595602896E+000	5.9039641920240875E+000	2.7077342133440916E+000	4.4823552944228690E-001	2.3549055293178357E-004	3.6547013662677424E-001 
840	6.4935168979964377E+006	2.6657204441405259E+001	-9.3427955585947409E+000	0.0000000000000000E+000	3.8837535783226049E+000	5.9039614334932660E+000	2.7077323965540496E+000	4.4823916302237032E-001	2.3909904726854563E-004	3.6547013660279726E-001 
845	6.4935168980021328E+006	2.6657204441405259E+001	-9.3427955585947409E+000	0.0000000000000000E+000	3.8837558230892690E+000	5.9039414758015116E+000	2.7077179281748451E+000	4.4826809978077914E-001	2.4829143198970235E-004	3.6547013657074479E-001 
850	6.4935168980113044E+006	2.6657204441405259E+001	-9.3427955585947409E+000	0.0000000000000000E+000	3.8837596483573362E+000	5.9039071669178158E+000	2.7076931231968628E+000	4.4831770973674445E-001	2.4826708378037921E-004	3.6547013651921806E-001 
855	6.4935168980251094E+006	2.6657204441405259E+001	-9.3427955585947409E+000	0.0000000000000000E+000	3.8837681991670636E+000	5.9038313497188009E+000	2.7076381129779006E+000	4.4842773017466880E-001	2.6993377260587596E-004	3.6547013644184484E-001 
860	6.4935168980394276E+006	2.6657204441405259E+001	-9.3427955585947409E+000	0.0000000000000000E+000	3.8837756119932059E+000	5.9037667244247540E+000	2.7075909746785913E+000	4.4852200677328691E-001	2.9821745921881974E-004	3.6547013636198067E-001 
865	6.4935168980520824E+006	2.6657204441405259E+001	-9.3427955585947409E+000	0.0000000000000000E+000	3.8837822038935834E+000	5.9037098053662094E+000	2.7075493313485635E+000	4.4860529343334260E-001	3.0910874835832149E-004	3.6547013629165154E-001 
870	6.4935168980640350E+006	2.6657204441405259E+001	-9.3427955585947409E+000	0.0000000000000000E+000	3.8837857574461014E+000	5.9036805074581924E+000	2.7075275752895198E+000	4.4864880555143016E-001	3.0942819058608169E-004	3.6547013622541963E-001 
875	6.4935168980779164E+006	2.6657204441405259E+001	-9.3427955585947409E+000	0.0000000000000000E+000	3.8837883205361661E+000	5.9036601573099405E+000	2.7075122740352646E+000	4.4867940805994072E-001	3.0111808308483178E-004	3.6547013614863494E-001 
880	6.4935168980927132E+006	2.6657204441405259E+001	-9.3427955585947409E+000	0.0000000000000000E+000	3.8837912186997197E+000	5.9036349284782377E+000	2.7074938632923060E+000	4.4871622954585771E-001	2.9163155184740478E-004	3.6547013606701645E-001 
885	6.4935168981125206E+006	2.6657204441405259E+001	-9.3427955585947409E+000	0.0000000000000000E+000	3.8837998805941720E+000	5.9035598709360695E+000	2.7074390107323167E+000	4.4882593466583620E-001	3.0991260617200254E-004	3.6547013595800260E-001 
890	6.4935168981277011E+006	2.6657204441405259E+001	-9.3427955585947409E+000	0.0000000000000000E+000	3.8838116760913275E+000	5.9034544187318145E+000	2.7073626936358783E+000	4.4897856885871290E-001	3.4612106241427407E-004	3.6547013587500132E-001 
895	6.4935168981368830E+006	2.6657204441405259E+001	-9.3427955585947409E+000	0.0000000000000000E+000	3.8838200409018810E+000	5.9033809599797529E+000	2.7073092346387417E+000	4.4908548685298644E-001	3.8907071202638809E-004	3.6547013582506788E-001 
900	6.4935168981498247E+006	2.6657204441405259E+001	-9.3427955585947409E+000	0.0000000000000000E+000	3.8838333541090111E+000	5.9032641367042427E+000	2.7072241965867256E+000	4.4925556295701863E-001	4.7565511098147202E-004	3.6547013575511456E-001 
905	6.4935168981641587E+006	2.6657204441405259E+001	-9.3427955585947409E+000	0.0000000000000000E+000	3.8838516479728602E+000	5.9031035517130075E+000	2.7071073163634094E+000	4.4948932340365050E-001	5.7394668627339443E-004	3.6547013567808090E-001 
910	6.4935168981707748E+006	2.6657204441405259E+001	-9.3427955585947409E+000	0.0000000000000000E+000	3.8838608309883953E+000	5.9030218985360206E+000	2.7070481237438462E+000	4.4960770864277733E-001	6.5044431436643286E-004	3.6547013564272013E-001 
915	6.4935168981755124E+006	2.6657204441405259E+001	-9.3427955585947409E+000	0.0000000000000000E+000	3.8838673920092415E+000	5.9029635200166837E+000	2.7070058124424845E+000	4.4969233124550073E-001	7.0802314392042626E-004	3.6547013561751263E-001 
920	6.4935168981812885E+006	2.6657204441405259E+001	-9.3427955585947409E+000	0.0000000000000000E+000	3.8838768633831915E+000	5.9028797282430689E+000	2.7069449738077780E+000	4.4981400851491349E-001	8.0021524897489317E-004	3.6547013558690944E-001 
925	6.4935168981858175E+006	2.6657204441405259E+001	-9.3427955585947409E+000	0.0000000000000000E+000	3.8838823507563256E+000	5.9028321896306162E+000	2.7069102297552834E+000	4.4988349661990329E-001	8.5371655370737544E-004	3.6547013556299723E-001 
930	6.4935168981893780E+006	2.6657204441405259E+001	-9.3427955585947409E+000	0.0000000000000000E+000	3.8838863429499773E+000	5.9027982030946129E+000	2.7068852520999780E+000	4.4993345193051337E-001	8.9226542737078671E-004	3.6547013554423957E-001 
935	6.4935168981927484E+006	2.6657204441405259E+001	-9.3427955585947409E+000	0.0000000000000000E+000	3.8838916251474651E+000	5.9027517173814585E+000	2.7068514448484260E+000	4.5000106643361776E-001	8.9884025449859573E-004	3.6547013552651053E-001 
940	6.4935168981954949E+006	2.6657204441405259E+001	-9.3427955585947409E+000	0.0000000000000000E+000	3.8838950153663325E+000	5.9027216906233244E+000	2.7068296510316232E+000	4.5004465406722344E-001	8.8059099980332010E-004	3.6547013551210239E-001 
945	6.4935168981981445E+006	2.6657204441405259E+001	-9.3427955585947409E+000	0.0000000000000000E+000	3.8838998235465758E+000	5.9026795466018944E+000	2.7067989626604225E+000	4.5010603080962430E-001	8.2017438864503403E-004	3.6547013549823032E-001 
950	6.4935168982005129E+006	2.6657204441405259E+001	-9.3427955585947409E+000	0.0000000000000000E+000	3.8839043637896467E+000	5.9026381931099774E+000	2.7067692054283223E+000	4.5016554527382541E-001	7.1975448256162778E-004	3.6547013548584778E-001 
955	6.4935168982038125E+006	2.6657204441405259E+001	-9.3427955585947409E+000	0.0000000000000000E+000	3.8839106334334104E+000	5.9025829266899157E+000	2.7067290329307641E+000	4.5024589026894135E-001	6.2002999707671830E-004	3.6547013546864332E-001 
960	6.4935168982067499E+006	2.6657204441405259E+001	-9.3427955585947409E+000	0.0000000000000000E+000	3.8839174636734692E+000	5.9025214950310962E+000	2.7066846566212366E+000	4.5033464288799702E-001	6.7629490867622446E-004	3.6547013545334955E-001 
965	6.4935168982091025E+006	2.6657204441405259E+001	-9.3427955585947409E+000	0.0000000000000000E+000	3.8839219828856111E+000	5.9024828439380288E+000	2.7066562926504192E+000	4.5039137082963132E-001	6.9016127316596674E-004	3.6547013544114937E-001 
970	6.4935168982117465E+006	2.6657204441405259E+001	-9.3427955585947409E+000	0.0000000000000000E+000	3.8839261217000938E+000	5.9024460673658954E+000	2.7066296267353862E+000	4.5044470265969694E-001	7.1876121791855413E-004	3.6547013542745305E-001 
975	6.4935168982142471E+006	2.6657204441405259E+001	-9.3427955585947409E+000	0.0000000000000000E+000	3.8839322406319425E+000	5.9023923039648798E+000	2.7065905071711818E+000	4.5052294178810603E-001	7.9068133587968875E-004	3.6547013541452933E-001 
980	6.4935168982161721E+006	2.6657204441405259E+001	-9.3427955585947409E+000	0.0000000000000000E+000	3.8839386228522463E+000	5.9023347252643648E+000	2.7065489533803158E+000	4.5060604936983861E-001	8.5178446566834293E-004	3.6547013540460094E-001 
985	6.4935168982171575E+006	2.6657204441405259E+001	-9.3427955585947409E+000	0.0000000000000000E+000	3.8839415864830498E+000	5.9023082925605550E+000	2.7065298097668049E+000	4.5064433659686032E-001	9.3843935964790684E-004	3.6547013539953155E-001 
990	6.4935168982184930E+006	2.6657204441405259E+001	-9.3427955585947409E+000	0.0000000000000000E+000	3.8839439533761642E+000	5.9022869490742877E+000	2.7065144042374429E+000	4.5067514765558409E-001	9.8177047457099738E-004	3.6547013539266721E-001 
995	6.4935168982202709E+006	2.6657204441405259E+001	-9.3427955585947409E+000	0.0000000000000000E+000	3.8839460998969568E+000	5.9022688037057449E+000	2.7065010385115862E+000	4.5070187910729742E-001	1.0669712660181351E-003	3.6547013538352358E-001 
1000	6.4935168982215635E+006	2.6657204441405259E+001	-9.3427955585947409E+000	0.0000000000000000E+000	3.8839504045182651E+000	5.9022306213514879E+000	2.7064733380918402E+000	4.5075727994678905E-001	1.1324290760145667E-003	3.6547013537689615E-001 
1005	6.4935168982227100E+006	2.6657204441405259E+001	-9.3427955585947409E+000	0.0000000000000000E+000	3.8839545389143524E+000	5.9021938014405393E+000	2.7064466593441900E+000	4.5081063744208938E-001	1.1830978378687775E-003	3.6547013537102652E-001 
1010	6.4935168982237270E+006	2.6657204441405259E+001	-9.3427955585947409E+000	0.0000000000000000E+000	3.8839564413776277E+000	5.9021771785041555E+000	2.7064345429494487E+000	4.5083487023157270E-001	1.2365851915624442E-003	3.6547013536582507E-001 
1015	6.4935168982247459E+006	2.6657204441405259E+001	-9.3427955585947409E+000	0.0000000000000000E+000	3.8839580526065931E+000	5.9021638945971997E+000	2.7064246785380410E+000	4.5085459905438735E-001	1.2838387447783605E-003	3.6547013536061718E-001 
1020	6.4935168982256837E+006	2.6657204441405259E+001	-9.3427955585947409E+000	0.0000000000000000E+000	3.8839605064798262E+000	5.9021406537837464E+000	2.7064081503848474E+000	4.5088765536077519E-001	1.3500926068507704E-003	3.6547013535583106E-001 
1025	6.4935168982265219E+006	2.6657204441405259E+001	-9.3427955585947409E+000	0.0000000000000000E+000	3.8839628716612244E+000	5.9021203870252474E+000	2.7063932866428004E+000	4.5091738284486865E-001	1.4307908914607842E-003	3.6547013535154560E-001 
1030	6.4935168982274346E+006	2.6657204441405259E+001	-9.3427955585947409E+000	0.0000000000000000E+000	3.8839652700313607E+000	5.9020991226345556E+000	2.7063778577071838E+000	4.5094824071610229E-001	1.4946042923721040E-003	3.6547013534690331E-001 
1035	6.4935168982283287E+006	2.6657204441405259E+001	-9.3427955585947409E+000	0.0000000000000000E+000	3.8839705711373420E+000	5.9020501769971130E+000	2.7063427826764985E+000	4.5101839077747274E-001	1.6513471295294599E-003	3.6547013534234729E-001 
1040	6.4935168982291874E+006	2.6657204441405259E+001	-9.3427955585947409E+000	0.0000000000000000E+000	3.8839751632708639E+000	5.9020085406143723E+000	2.7063127802180849E+000	4.5107839569429997E-001	1.7376318776970274E-003	3.6547013533798628E-001 
1045	6.4935168982300991E+006	2.6657204441405259E+001	-9.3427955585947409E+000	0.0000000000000000E+000	3.8839782321585696E+000	5.9019810270604474E+000	2.7062928856657109E+000	4.5111818479904753E-001	1.8189267613009520E-003	3.6547013533336481E-001 
1050	6.4935168982311320E+006	2.6657204441405259E+001	-9.3427955585947409E+000	0.0000000000000000E+000	3.8839817910018604E+000	5.9019505570038353E+000	2.7062705329508239E+000	4.5116289022882156E-001	2.0628201114003914E-003	3.6547013532813055E-001 
1055	6.4935168982316302E+006	2.6657204441405259E+001	-9.3427955585947409E+000	0.0000000000000000E+000	3.8839832433116586E+000	5.9019363964266702E+000	2.7062605480426449E+000	4.5118286004517977E-001	2.1329624669158601E-003	3.6547013532561384E-001 
1060	6.4935168982322151E+006	2.6657204441405259E+001	-9.3427955585947409E+000	0.0000000000000000E+000	3.8839852562022905E+000	5.9019189325756063E+000	2.7062477903358482E+000	4.5120837545877335E-001	2.2236164597073502E-003	3.6547013532265654E-001 
1065	6.4935168982331567E+006	2.6657204441405259E+001	-9.3427955585947409E+000	0.0000000000000000E+000	3.8839889455454655E+000	5.9018860147445942E+000	2.7062239527339926E+000	4.5125605066248470E-001	2.3587403998912696E-003	3.6547013531789913E-001 
1070	6.4935168982346738E+006	2.6657204441405259E+001	-9.3427955585947409E+000	0.0000000000000000E+000	3.8839962463130955E+000	5.9018196802871197E+000	2.7061761839699963E+000	4.5135158819047749E-001	2.6771803352161048E-003	3.6547013531024486E-001 
1075	6.4935168982364507E+006	2.6657204441405259E+001	-9.3427955585947409E+000	0.0000000000000000E+000	3.8840116751198579E+000	5.9016792816021839E+000	2.7060751270140031E+000	4.5155370210246365E-001	3.2239705670555965E-003	3.6547013530131112E-001 
1080	6.4935168982377853E+006	2.6657204441405259E+001	-9.3427955585947409E+000	0.0000000000000000E+000	3.8840295973080177E+000	5.9015151083755999E+000	2.7059571960243920E+000	4.5178956408168602E-001	3.4603828715956495E-003	3.6547013529463784E-001 
1085	6.4935168982391413E+006	2.6657204441405259E+001	-9.3427955585947409E+000	0.0000000000000000E+000	3.8840440802426843E+000	5.9013824286337959E+000	2.7058618902841562E+000	4.5198017556215725E-001	3.8384150107201712E-003	3.6547013528789474E-001 
1090	6.4935168982396405E+006	2.6657204441405259E+001	-9.3427955585947409E+000	0.0000000000000000E+000	3.8840469355283695E+000	5.9013579873739817E+000	2.7058439590828782E+000	4.5201603796471296E-001	4.0135843879011372E-003	3.6547013528541411E-001 
1095	6.4935168982401313E+006	2.6657204441405259E+001	-9.3427955585947409E+000	0.0000000000000000E+000	3.8840489814976307E+000	5.9013401735663189E+000	2.7058309602405242E+000	4.5204203564942141E-001	4.1729261161348495E-003	3.6547013528319156E-001 
1100	6.4935168982405905E+006	2.6657204441405259E+001	-9.3427955585947409E+000	0.0000000000000000E+000	3.8840519123937143E+000	5.9013140627738965E+000	2.7058120430521471E+000	4.5207987002617572E-001	4.3057900548392758E-003	3.6547013528091354E-001 
1105	6.4935168982412424E+006	2.6657204441405259E+001	-9.3427955585947409E+000	0.0000000000000000E+000	3.8840572850819988E+000	5.9012654516363181E+000	2.7057769921067867E+000	4.5214997191689593E-001	4.5098715966531318E-003	3.6547013527790451E-001 
1110	6.4935168982414221E+006	2.6657204441405259E+001	-9.3427955585947409E+000	0.0000000000000000E+000	3.8840588680275303E+000	5.9012518698185747E+000	2.7057670353068528E+000	4.5216988551676451E-001	4.6363570641539667E-003	3.6547013527706329E-001 
1115	6.4935168982416317E+006	2.6657204441405259E+001	-9.3427955585947409E+000	0.0000000000000000E+000	3.8840606915970950E+000	5.9012341980037997E+000	2.7057545522603372E+000	4.5219485160979561E-001	4.7978054929383529E-003	3.6547013527602923E-001 
1120	6.4935168982418533E+006	2.6657204441405259E+001	-9.3427955585947409E+000	0.0000000000000000E+000	3.8840626368242761E+000	5.9012168945931096E+000	2.7057420101006282E+000	4.5221993592921361E-001	4.8983540497253885E-003	3.6547013527493655E-001 
1125	6.4935168982421653E+006	2.6657204441405259E+001	-9.3427955585947409E+000	0.0000000000000000E+000	3.8840655837752078E+000	5.9011908226886050E+000	2.7057230802465133E+000	4.5225779563744328E-001	5.4779992717920540E-003	3.6547013527339628E-001 
1130	6.4935168982423767E+006	2.6657204441405259E+001	-9.3427955585947409E+000	0.0000000000000000E+000	3.8840678758265419E+000	5.9011706618541471E+000	2.7057084157266167E+000	4.5228712467723620E-001	5.5580972427380325E-003	3.6547013527234157E-001 
1135	6.4935168982425155E+006	2.6657204441405259E+001	-9.3427955585947409E+000	0.0000000000000000E+000	3.8840693706976213E+000	5.9011565529927950E+000	2.7056983715537815E+000	4.5230721302290672E-001	5.8434511345846615E-003	3.6547013527165206E-001 
1140	6.4935168982426180E+006	2.6657204441405259E+001	-9.3427955585947409E+000	0.0000000000000000E+000	3.8840704891040860E+000	5.9011471551366306E+000	2.7056914358127697E+000	4.5232108450492997E-001	6.2223901723108526E-003	3.6547013527119954E-001 
1145	6.4935168982426599E+006	2.6657204441405259E+001	-9.3427955585947409E+000	0.0000000000000000E+000	3.8840708979926162E+000	5.9011424310143274E+000	2.7056882559745588E+000	4.5232744418135207E-001	6.1651341516040124E-003	3.6547013527099043E-001 
1150	6.4935168982427260E+006	2.6657204441405259E+001	-9.3427955585947409E+000	0.0000000000000000E+000	3.8840717449020428E+000	5.9011349317506117E+000	2.7056828125238477E+000	4.5233833108277477E-001	6.2372900961309300E-003	3.6547013527067052E-001 
1155	6.4935168982428173E+006	2.6657204441405259E+001	-9.3427955585947409E+000	0.0000000000000000E+000	3.8840728973195695E+000	5.9011244227956308E+000	2.7056752532113033E+000	4.5235344970786340E-001	7.0886984926948641E-003	3.6547013527021727E-001 
1160	6.4935168982428852E+006	2.6657204441405259E+001	-9.3427955585947409E+000	0.0000000000000000E+000	3.8840737582768203E+000	5.9011163072952586E+000	2.7056694735466142E+000	4.5236500903724158E-001	6.9796665968813957E-003	3.6547013526988936E-001 
1165	6.4935168982429253E+006	2.6657204441405259E+001	-9.3427955585947409E+000	0.0000000000000000E+000	3.8840743548544712E+000	5.9011110764158161E+000	2.7056656649515922E+000	4.5237262622728558E-001	6.9983380351932439E-003	3.6547013526967975E-001 
1170	6.4935168982429635E+006	2.6657204441405259E+001	-9.3427955585947409E+000	0.0000000000000000E+000	3.8840749287565850E+000	5.9011065371432876E+000	2.7056622475110994E+000	4.5237946110827093E-001	7.0323673623765535E-003	3.6547013526948940E-001 
1175	6.4935168982430240E+006	2.6657204441405259E+001	-9.3427955585947409E+000	0.0000000000000000E+000	3.8840757541517394E+000	5.9010983304495443E+000	2.7056564933739189E+000	4.5239096938263185E-001	7.2994781060131027E-003	3.6547013526919275E-001 
1180	6.4935168982430864E+006	2.6657204441405259E+001	-9.3427955585947409E+000	0.0000000000000000E+000	3.8840767983287443E+000	5.9010901284221733E+000	2.7056503040062241E+000	4.5240334811802124E-001	9.2164298584429209E-003	3.6547013526888472E-001 
1185	6.4935168982430911E+006	2.6657204441405259E+001	-9.3427955585947409E+000	0.0000000000000000E+000	3.8840767594685204E+000	5.9010893246813083E+000	2.7056499798562395E+000	4.5240399641799134E-001	9.6080337914217287E-003	3.6547013526886629E-001 
1190	6.4935168982430957E+006	2.6657204441405259E+001	-9.3427955585947409E+000	0.0000000000000000E+000	3.8840768330844266E+000	5.9010890619360046E+000	2.7056497012517751E+000	4.5240455362691934E-001	1.0039323400732414E-002	3.6547013526884164E-001 
1190	6.4935168982430948E+006	2.6657204441405259E+001	-9.3427955585947409E+000	0.0000000000000000E+000	3.8840768639747556E+000	5.9010890169821542E+000	2.7056496169941919E+000	4.5240472214208549E-001	9.9841418084867170E-003	3.6547013526884603E-001 
1195	6.4935168982430948E+006	2.6657204441405259E+001	-9.3427955585947409E+000	0.0000000000000000E+000	3.8840769092375869E+000	5.9010887922292250E+000	2.7056494140920648E+000	4.5240512794634008E-001	1.0091062022020016E-002	3.6547013526883781E-001 
1200	6.4935168982430967E+006	2.6657204441405259E+001	-9.3427955585947409E+000	0.0000000000000000E+000	3.8840768900724485E+000	5.9010883697105250E+000	2.7056492411629911E+000	4.5240547380448720E-001	1.0217673973773779E-002	3.6547013526882566E-001 
1205	6.4935168982431022E+006	2.6657204441405259E+001	-9.3427955585947409E+000	0.0000000000000000E+000	3.8840770216917964E+000	5.9010880039443938E+000	2.7056487950412298E+000	4.5240636604800982E-001	1.0391875616907405E-002	3.6547013526880623E-001 
1210	6.4935168982431022E+006	2.6657204441405259E+001	-9.3427955585947409E+000	0.0000000000000000E+000	3.8840769778576982E+000	5.9010881603763750E+000	2.7056489609254180E+000	4.5240603427963411E-001	1.0449335150657936E-002	3.6547013526879923E-001 
1215	6.4935168982431022E+006	2.6657204441405259E+001	-9.3427955585947409E+000	0.0000000000000000E+000	3.8840769509319975E+000	5.9010875783650105E+000	2.7056487237711364E+000	4.5240650858819648E-001	1.0517701327389571E-002	3.6547013526878980E-001 
1220	6.4935168982431069E+006	2.6657204441405259E+001	-9.3427955585947409E+000	0.0000000000000000E+000	3.8840770466078403E+000	5.9010869397513028E+000	2.7056482131125974E+000	4.5240752990527483E-001	1.0606092500633527E-002	3.6547013526877464E-001 
1225	6.4935168982431116E+006	2.6657204441405259E+001	-9.3427955585947409E+000	0.0000000000000000E+000	3.8840771044774458E+000	5.9010857594149240E+000	2.7056475072051964E+000	4.5240894172007673E-001	1.0707138217052527E-002	3.6547013526875011E-001 
1230	6.4935168982431190E+006	2.6657204441405259E+001	-9.3427955585947409E+000	0.0000000000000000E+000	3.8840772581359562E+000	5.9010850271435631E+000	2.7056468337524957E+000	4.5241028862547844E-001	1.0816677824596225E-002	3.6547013526871441E-001 
1235	6.4935168982431283E+006	2.6657204441405259E+001	-9.3427955585947409E+000	0.0000000000000000E+000	3.8840774462208332E+000	5.9010839342904431E+000	2.7056459111561812E+000	4.5241213381810685E-001	1.0915499851648101E-002	3.6547013526867028E-001 
1240	6.4935168982431404E+006	2.6657204441405259E+001	-9.3427955585947409E+000	0.0000000000000000E+000	3.8840775774878558E+000	5.9010827106174499E+000	2.7056450367856399E+000	4.5241388255918963E-001	1.1022941754459871E-002	3.6547013526861355E-001 
1245	6.4935168982431507E+006	2.6657204441405259E+001	-9.3427955585947409E+000	0.0000000000000000E+000	3.8840777456415951E+000	5.9010814950407031E+000	2.7056440926897869E+000	4.5241577075089601E-001	1.1117374376321792E-002	3.6547013526857802E-001 
1250	6.4935168982431609E+006	2.6657204441405259E+001	-9.3427955585947409E+000	0.0000000000000000E+000	3.8840778762927255E+000	5.9010795194070145E+000	2.7056428435706836E+000	4.5241826898910281E-001	1.1421605849650546E-002	3.6547013526852273E-001 
1255	6.4935168982431758E+006	2.6657204441405259E+001	-9.3427955585947409E+000	0.0000000000000000E+000	3.8840781218452798E+000	5.9010780334571908E+000	2.7056416094906619E+000	4.5242073714914582E-001	1.1688338361991119E-002	3.6547013526845423E-001 
1260	6.4935168982431814E+006	2.6657204441405259E+001	-9.3427955585947409E+000	0.0000000000000000E+000	3.8840782473895734E+000	5.9010770258577709E+000	2.7056408546023643E+000	4.5242224692574134E-001	1.1749134662343556E-002	3.6547013526843136E-001 
1265	6.4935168982431879E+006	2.6657204441405259E+001	-9.3427955585947409E+000	0.0000000000000000E+000	3.8840782561919354E+000	5.9010760666654134E+000	2.7056403574014625E+000	4.5242324132754513E-001	1.1809008204262226E-002	3.6547013526839622E-001 
1270	6.4935168982431991E+006	2.6657204441405259E+001	-9.3427955585947409E+000	0.0000000000000000E+000	3.8840784110585886E+000	5.9010741979392565E+000	2.7056391133050779E+000	4.5242572952031401E-001	1.1881941690245689E-002	3.6547013526834354E-001 
1275	6.4935168982432121E+006	2.6657204441405259E+001	-9.3427955585947409E+000	0.0000000000000000E+000	3.8840786441254114E+000	5.9010720065133420E+000	2.7056375514584743E+000	4.5242885321352083E-001	1.1997098832735892E-002	3.6547013526827726E-001 
1280	6.4935168982432233E+006	2.6657204441405259E+001	-9.3427955585947409E+000	0.0000000000000000E+000	3.8840788912407307E+000	5.9010708832947198E+000	2.7056364956185255E+000	4.5243096489341900E-001	1.2152769609497583E-002	3.6547013526822442E-001 
1285	6.4935168982432308E+006	2.6657204441405259E+001	-9.3427955585947409E+000	0.0000000000000000E+000	3.8840789410316940E+000	5.9010695804666469E+000	2.7056357446225618E+000	4.5243246688534594E-001	1.2295014472920859E-002	3.6547013526819161E-001 
1290	6.4935168982432354E+006	2.6657204441405259E+001	-9.3427955585947409E+000	0.0000000000000000E+000	3.8840790678868133E+000	5.9010688835421199E+000	2.7056351424500606E+000	4.5243367123034861E-001	1.2371666588982904E-002	3.6547013526817168E-001 
1295	6.4935168982432410E+006	2.6657204441405259E+001	-9.3427955585947409E+000	0.0000000000000000E+000	3.8840791157840058E+000	5.9010678181271921E+000	2.7056345139482119E+000	4.5243492823404646E-001	1.2484195607788138E-002	3.6547013526814026E-001 
1300	6.4935168982432513E+006	2.6657204441405259E+001	-9.3427955585947409E+000	0.0000000000000000E+000	3.8840793459275211E+000	5.9010667239200210E+000	2.7056335065575943E+000	4.5243694301528131E-001	1.2702371074972680E-002	3.6547013526808975E-001 
1305	6.4935168982432680E+006	2.6657204441405259E+001	-9.3427955585947409E+000	0.0000000000000000E+000	3.8840796384163827E+000	5.9010642270241469E+000	2.7056316731319350E+000	4.5244060986660006E-001	1.3339294894054467E-002	3.6547013526800826E-001 
1310	6.4935168982432680E+006	2.6657204441405259E+001	-9.3427955585947409E+000	0.0000000000000000E+000	3.8840795777776544E+000	5.9010638282826360E+000	2.7056315950386352E+000	4.5244076605319916E-001	1.3471061983090426E-002	3.6547013526799699E-001 
1315	6.4935168982432736E+006	2.6657204441405259E+001	-9.3427955585947409E+000	0.0000000000000000E+000	3.8840796418102030E+000	5.9010630495924747E+000	2.7056310776284569E+000	4.5244180087355584E-001	1.3693903307805292E-002	3.6547013526798189E-001 
1320	6.4935168982432783E+006	2.6657204441405259E+001	-9.3427955585947409E+000	0.0000000000000000E+000	3.8840798208766665E+000	5.9010626451032975E+000	2.7056305172509418E+000	4.5244292162858618E-001	1.4008540084256419E-002	3.6547013526795757E-001 
1325	6.4935168982432839E+006	2.6657204441405259E+001	-9.3427955585947409E+000	0.0000000000000000E+000	3.8840798147322890E+000	5.9010616888475491E+000	2.7056300514118234E+000	4.5244385330682246E-001	1.4379126484171570E-002	3.6547013526792971E-001 
1330	6.4935168982432894E+006	2.6657204441405259E+001	-9.3427955585947409E+000	0.0000000000000000E+000	3.8841372549020665E+000	5.9011045535855784E+000	2.7055366034412822E+000	4.5263074924790508E-001	1.4749195080867963E-002	3.6547013526792843E-001 
1335	6.4935168982432941E+006	2.6657204441405259E+001	-9.3427955585947409E+000	0.0000000000000000E+000	3.8841465459059434E+000	5.9011429642624771E+000	2.7055372267719786E+000	4.5262950258651291E-001	1.5515786050376712E-002	3.6547013526792788E-001 
1340	6.4935168982432988E+006	2.6657204441405259E+001	-9.3427955585947409E+000	0.0000000000000000E+000	3.8841553113702187E+000	5.9011791952601893E+000	2.7055378113422832E+000	4.5262833344590292E-001	1.9010074257093747E-002	3.6547013526792616E-001 
1345	6.4935168982432997E+006	2.6657204441405259E+001	-9.3427955585947409E+000	0.0000000000000000E+000	3.8841583205812937E+000	5.9011915502857155E+000	2.7055379704328968E+000	4.5262801526467600E-001	2.1523460644913502E-002	3.6547013526792504E-001 
1350	6.4935168982432997E+006	2.6657204441405259E+001	-9.3427955585947409E+000	0.0000000000000000E+000	3.8841601866971227E+000	5.9011992485468836E+000	2.7055380873318229E+000	4.5262778146682359E-001	2.3364395626852007E-002	3.6547013526792427E-001 
1355	6.4935168982433025E+006	2.6657204441405259E+001	-9.3427955585947409E+000	0.0000000000000000E+000	3.8841625164797557E+000	5.9012088712310113E+000	2.7055382391086207E+000	4.5262747791322849E-001	2.6520892557303926E-002	3.6547013526792282E-001 
1358	6.4935168982433062E+006	2.6657204441405259E+001	-9.3427955585947409E+000	0.0000000000000000E+000	3.8841641463666057E+000	5.9012159062988179E+000	2.7055384968688241E+000	4.5262696239282180E-001	2.9569696513757758E-002	3.6547013526792155E-001 
