1	5.5901699437494777E+001	2.0000000000000000E+001	0.0000000000000000E+000	0.0000000000000000E+000	4.5400014014662089E+000	4.6540970354177160E+000	7.7030455122906594E-001	4.1983102466189743E+000	2.6595382941577411E-001	7.2009307775533349E-001 
5	3.4128546523584947E+002	1.9999993663611921E+001	-6.3363880791200700E-006	-2.0945384085058387E-008	4.5244063156414835E+000	4.6178531333855277E+000	7.8337277186242216E-001	4.1721736677593206E+000	2.6595858954691209E-001	7.2009307775533338E-001 
10	8.9092911985283774E+002	1.9999981858446752E+001	-1.8141553248085529E-005	-2.1802023374014045E-008	4.5264077733695514E+000	4.6238099716225332E+000	7.8234827552478936E-001	4.1742224040885256E+000	2.6596878380400435E-001	7.2009307775533371E-001 
15	1.7761357220500440E+003	1.9999961868394220E+001	-3.8131605780478139E-005	-2.3098641334036286E-008	4.5301125225196088E+000	4.6320128532759268E+000	7.7904021805137258E-001	4.1808380849562727E+000	2.6598969856434862E-001	7.2009307775533327E-001 
20	3.2017698069546673E+003	1.9999927293689456E+001	-7.2706310543679820E-005	-2.4941147252633839E-008	4.5355104718896451E+000	4.6414472298717531E+000	7.7296150760921167E-001	4.1929947550583400E+000	2.6603676401380466E-001	7.2009307775533160E-001 
25	5.4977677570344113E+003	1.9999867930376560E+001	-1.3206962344014528E-004	-2.6152333691483822E-008	4.5396798364501283E+000	4.6427880733377966E+000	7.6529320022126901E-001	4.2083300807696649E+000	2.6613038349169504E-001	7.2009307775532683E-001 
30	9.1954954156173426E+003	1.9999773352557014E+001	-2.2664744298594997E-004	-2.4962674792531266E-008	4.5400545002779902E+000	4.6299511996425968E+000	7.5812543571794544E-001	4.2226635560266370E+000	2.6628964419676182E-001	7.2009307775531173E-001 
35	1.5150722787041741E+004	1.9999631825003956E+001	-3.6817499604424597E-004	-2.3293599086914681E-008	4.5391099316521997E+000	4.6202453547168831E+000	7.5516165050666939E-001	4.2285880531717215E+000	2.6655166229243865E-001	7.2009307775526044E-001 
40	2.4741676020994455E+004	1.9999410624264414E+001	-5.8937573558637268E-004	-2.2998096295986117E-008	4.5388954051511172E+000	4.6190274874767949E+000	7.5498176988878873E-001	4.2289430109794655E+000	2.6698136734235389E-001	7.2009307775507592E-001 
45	4.0188002113807655E+004	1.9999055927505374E+001	-9.4407249462591381E-004	-2.2949493151455395E-008	4.5386025476629319E+000	4.6192166550223313E+000	7.5566206863792729E-001	4.2275747110436459E+000	2.6766818996238462E-001	7.2009307775436648E-001 
50	6.5064464749544240E+004	1.9998485358048658E+001	-1.5146419513420994E-003	-2.2929417780917950E-008	4.5381394015371539E+000	4.6197656254344874E+000	7.5686284609556143E-001	4.2251607656084289E+000	2.6875971685687572E-001	7.2009307775150277E-001 
55	1.0512825658902439E+005	1.9997566891474936E+001	-2.4331085250643980E-003	-2.2926089694803271E-008	4.5374674365194965E+000	4.6207195911848498E+000	7.5868375900605778E-001	4.2214989935706262E+000	2.7048961475088579E-001	7.2009307773956888E-001 
60	1.6965139398442561E+005	1.9996086504572681E+001	-3.9134954273194467E-003	-2.2960511348460228E-008	4.5365322549053468E+000	4.6223417256643646E+000	7.6136518947411513E-001	4.2161039813400718E+000	2.7321522485455596E-001	7.2009307768881881E-001 
65	2.7356655199109321E+005	1.9993693455201154E+001	-6.3065447988464030E-003	-2.3082811763760627E-008	4.5353447936493980E+000	4.6250790254045890E+000	7.6510876185612464E-001	4.2085648588887903E+000	2.7749106607036911E-001	7.2009307746746276E-001 
70	4.4092295311241166E+005	1.9989800919225956E+001	-1.0199080774043523E-002	-2.3388408709214150E-008	4.5339196094451308E+000	4.6296769767622372E+000	7.7025810594348243E-001	4.1981816104760856E+000	2.8416868398361034E-001	7.2009307641323761E-001 
75	7.1045211068230635E+005	1.9983394029097525E+001	-1.6605970902475065E-002	-2.4043183507004022E-008	4.5323182393355745E+000	4.6373939298095594E+000	7.7731932268625525E-001	4.1839199598448316E+000	2.9455408612740108E-001	7.2009305134223955E-001 
80	1.1445315142401976E+006	1.9972623285342948E+001	-2.7376714657052048E-002	-2.5354883348590656E-008	4.5306698533717942E+000	4.6503733606910886E+000	7.8710581005458102E-001	4.1641128439196278E+000	3.1069315444614176E-001	7.2009054460590027E-001 
85	1.8436207344642172E+006	1.9953832931977452E+001	-4.6167068022548108E-002	-2.7963569044244723E-008	4.5291322637649198E+000	4.6724381456028299E+000	8.0121338172420153E-001	4.1354889216325281E+000	3.3579090551431762E-001	7.1999859931137034E-001 
90	2.9695109145272044E+006	1.9918794390249801E+001	-8.1205609750199415E-002	-3.3414566532642493E-008	4.5279019554815587E+000	4.7106136444397464E+000	8.2276174770938193E-001	4.0916289066650240E+000	3.7666418284661352E-001	7.1867096069890413E-001 
95	4.7827683084204458E+006	1.9845297210465720E+001	-1.5470278953428007E-001	-4.5660691197957587E-008	4.5235618329487748E+000	4.7774586334656295E+000	8.6486448728789012E-001	4.0058179862830299E+000	4.6646555710497389E-001	7.0924140381435763E-001 
100	7.2883084704814628E+006	1.9696062051899816E+001	-3.0393794810018449E-001	-7.1210840740181716E-008	4.4956014019579316E+000	4.8943321066766226E+000	9.7922208587507420E-001	3.7738245854851504E+000	6.6505606835545350E-001	6.8771616242586642E-001 
105	9.0654675748963598E+006	1.9548936985162520E+001	-4.5106301483748013E-001	-8.4067149143760264E-008	4.4219227523320770E+000	5.0101031205743043E+000	1.1844648920756247E+000	3.3600827159538751E+000	8.7616220220547458E-001	6.7720063637686634E-001 
110	9.6806099486819394E+006	1.9376550854378817E+001	-6.2344914562118348E-001	-1.2697004171966432E-006	4.3870333946694027E+000	5.0619480050353527E+000	1.2801660496314977E+000	3.1648337266469002E+000	9.7972053893575550E-001	6.7465635948316638E-001 
115	9.7152091191964354E+006	1.9335213335351249E+001	-6.6478666464875147E-001	-1.2668125878003778E-007	4.4234103298124996E+000	5.0856770925203874E+000	1.2192767230878216E+000	3.2856848754673420E+000	9.8638206993887179E-001	6.7451648111894058E-001 
120	9.7184441467340756E+006	1.9334713871542498E+001	-6.6528612845750246E-001	-1.8299474138354183E-007	4.4368071955300579E+000	5.1062877052749043E+000	1.2027882980299627E+000	3.3186505068199681E+000	9.8658796544389671E-001	6.7450491326590511E-001 
125	9.7205168180879522E+006	1.9334350705847001E+001	-6.6564929415299900E-001	-1.6331062634747776E-007	4.4225537497410397E+000	5.1044437329153043E+000	1.2303732034281991E+000	3.2634725385539887E+000	9.8658796544360983E-001	6.7449760423598726E-001 
130	9.7229325098096654E+006	1.9333289085013629E+001	-6.6671091498637125E-001	-1.1498324970466165E-006	4.3854590532852207E+000	5.1221082808100666E+000	1.3133948702872182E+000	3.0974053577083560E+000	9.8658796533293303E-001	6.7448756652176067E-001 
135	9.7252467464440949E+006	1.9328691945808160E+001	-6.7130805419184014E-001	-1.9435421856924796E-006	4.3448365241925666E+000	5.1323071177185957E+000	1.3997393469267898E+000	2.9246131240413149E+000	9.8658791365052245E-001	6.7447513030172679E-001 
140	9.7272115099797677E+006	1.9324975785233352E+001	-6.7502421476664765E-001	-1.8607068476203428E-006	4.2974755658139365E+000	5.1398093376061125E+000	1.4982123736278099E+000	2.7275835645643682E+000	9.8658064501267140E-001	6.7446361551589618E-001 
145	9.7290936762329359E+006	1.9321534840620075E+001	-6.7846515937992535E-001	-1.8056682303234788E-006	4.2422214943922087E+000	5.1472735214837257E+000	1.6124526084100714E+000	2.4990257590004066E+000	9.8630725339494851E-001	6.7445192347896410E-001 
150	9.7310439025108106E+006	1.9318159290793190E+001	-6.8184070920680995E-001	-1.6523891827588075E-006	4.1753593270714502E+000	5.1550699158538631E+000	1.7500751402366583E+000	2.2237048157265535E+000	9.8574931450820813E-001	6.7444071252020632E-001 
155	9.7331626582637411E+006	1.9314854655915511E+001	-6.8514534408448924E-001	-1.5097547658071718E-006	4.0979835919318957E+000	5.1679052123497939E+000	1.9112442587637333E+000	1.9012922803172423E+000	9.8477688915091244E-001	6.7442811071020392E-001 
160	9.7365749355913941E+006	1.9311511134141099E+001	-6.8848886585890057E-001	-3.8349542427068694E-007	3.9983051509463214E+000	5.1824744360658279E+000	2.1178857525928976E+000	1.4879341070684142E+000	9.8306007751653046E-001	6.7440937339435869E-001 
165	9.7418959139069468E+006	1.9311075680829710E+001	-6.8892431917029029E-001	-1.8210228153523621E-007	3.8977398448391218E+000	5.1859081414250339E+000	2.3207332174868993E+000	1.0822293843076523E+000	9.7932634857497125E-001	6.7438568871458193E-001 
169	9.7466696071706023E+006	1.9309863730635723E+001	-6.9013626936427741E-001	-2.2884465319225561E-007	3.8422240410361659E+000	5.1859477107994865E+000	2.4317846097800375E+000	8.6009934283483813E-001	9.7266213621837150E-001	6.7436201188812994E-001 
170	9.7481380280382857E+006	1.9309493879899733E+001	-6.9050612010026668E-001	-2.5186970856064072E-007	3.8289777032479480E+000	5.1869049106227409E+000	2.4587558852681015E+000	8.0614847353630847E-001	9.7073513329949657E-001	6.7435579463817752E-001 
175	9.7579993699015137E+006	1.9301648031531435E+001	-6.9835196846856462E-001	-9.6975663567202212E-007	3.7945207457865839E+000	5.1891292946642027E+000	2.5287819922115591E+000	6.6591976092232052E-001	9.5675323611431307E-001	6.7431582119695277E-001 
180	9.7702455770115722E+006	1.9288778752357754E+001	-7.1122124764224637E-001	-2.3117901621786401E-007	3.7578434056520718E+000	5.1877116712375129E+000	2.6014278607672385E+000	5.2033836351932039E-001	9.3892648664141964E-001	6.7425019497270922E-001 
185	9.7763427204600051E+006	1.9287231895254425E+001	-7.1276810474557450E-001	-3.4126161700564665E-007	3.7107406260699047E+000	5.1841074361352533E+000	2.6938313023804450E+000	3.3549665079688934E-001	9.3002220194394647E-001	6.7420046117527432E-001 
190	9.7793391952240299E+006	1.9285918957970441E+001	-7.1408104202955869E-001	-5.1016650295925066E-007	3.6828542428039288E+000	5.1799664065478801E+000	2.7475335541187089E+000	2.2806258264103757E-001	9.2580844269167017E-001	6.7415569180458434E-001 
195	9.7817521215101331E+006	1.9284436889933406E+001	-7.1556311006659357E-001	-6.9936520629134886E-007	3.6599888389017825E+000	5.1742813622657584E+000	2.7904218397819407E+000	1.4225263573602667E-001	9.2243791667549790E-001	6.7404239297723578E-001 
200	9.7839598689239174E+006	1.9282613425986252E+001	-7.1738657401374795E-001	-9.1078914360244046E-007	3.6392144012202325E+000	5.1680742036679597E+000	2.8288671358461404E+000	6.5320976410405587E-002	9.1921162246580268E-001	6.7370456205055806E-001 
205	9.7870018375451509E+006	1.9279188057133126E+001	-7.2081194286687378E-001	-1.3489412851347475E-006	3.6075081264173430E+000	5.1526055728923259E+000	2.8845453700641031E+000	-4.6112647072124750E-002	9.1474608427091197E-001	6.7326940954733971E-001 
210	9.7881403300303817E+006	1.9277261505330230E+001	-7.2273849466976969E-001	-1.8745896251792743E-006	3.5851242322630257E+000	5.1407088205876743E+000	2.9233647822204123E+000	-1.2379487220755245E-001	9.1316843336090614E-001	6.7273317149068257E-001 
215	9.7899738835627716E+006	1.9273276681671490E+001	-7.2672331832851000E-001	-2.3409490027572885E-006	3.5688581086457711E+000	5.1321265896000190E+000	2.9516059139610946E+000	-1.8036691845273276E-001	9.1058655328486859E-001	6.7195754313623968E-001 
220	9.7929268398622237E+006	1.9265419706038998E+001	-7.3458029396100244E-001	-2.8552835986043991E-006	3.5559775857427747E+000	5.1361496451083761E+000	2.9793784875212648E+000	-2.3608914687206572E-001	9.0629780547559891E-001	6.7037117373398225E-001 
225	9.7976826055120546E+006	1.9250378263606652E+001	-7.4962173639334750E-001	-3.3126280975595233E-006	3.5488168510349976E+000	5.1469411065330384E+000	2.9990956876491501E+000	-2.7586275421296391E-001	8.9961335960266631E-001	6.6753331122350601E-001 
230	9.8053418136487585E+006	1.9223926697800167E+001	-7.7607330219983339E-001	-3.5134600880944556E-006	3.5460273028503244E+000	5.1506836413542949E+000	3.0065460514291260E+000	-2.9136064764187575E-001	8.8858060827303786E-001	6.6570089543809008E-001 
235	9.8176770449450072E+006	1.9179822328187203E+001	-8.2017767181279666E-001	-3.6061454925027585E-006	3.5445883246048706E+000	5.1523443587174160E+000	3.0102543666015942E+000	-2.9977480001304474E-001	8.7075143347626716E-001	6.6517916635194130E-001 
240	9.8348748764884975E+006	1.9117000796052292E+001	-8.8299920394770837E-001	-3.6753257982882046E-006	3.5435571240737005E+000	5.1540630970091543E+000	3.0131761368098031E+000	-3.0704316196800513E-001	8.4615379698834770E-001	6.6470724739772880E-001 
245	9.8519020637174062E+006	1.9053759029941503E+001	-9.4624097005849706E-001	-3.7399770746335707E-006	3.5427134360835448E+000	5.1558708846211569E+000	3.0157674065961162E+000	-3.1366479132056702E-001	8.2196556729756720E-001	6.6424792669469723E-001 
250	9.8684993396747243E+006	1.8991120675280527E+001	-1.0088793247194729E+000	-3.7851945808109739E-006	3.5422749979492751E+000	5.1575734302116718E+000	3.0174955556599130E+000	-3.1855116448459891E-001	7.9835379987034338E-001	6.6376172700872893E-001 
255	9.8840133166662734E+006	1.8931962584145726E+001	-1.0680374158542740E+000	-3.8300604230010250E-006	3.5416974249195010E+000	5.1591939876412187E+000	3.0194609804342329E+000	-3.2383696996886568E-001	7.7622065791285688E-001	6.6333495039710844E-001 
260	9.9005344221679978E+006	1.8868205846299009E+001	-1.1317941537009908E+000	-3.8804620856554781E-006	3.5413068519691451E+000	5.1609169175993150E+000	3.0211035913139948E+000	-3.2858722359667364E-001	7.5318923288758644E-001	6.6279712347846598E-001 
265	9.9152637754045501E+006	1.8810861202866107E+001	-1.1891387971338929E+000	-3.9116249821594998E-006	3.5408399579175747E+000	5.1623770118318282E+000	3.0227674265333913E+000	-3.3323682068537364E-001	7.3272212001520975E-001	6.6237409031215122E-001 
269	9.9273156198734529E+006	1.8763541093531845E+001	-1.2364589064681546E+000	-3.9292853850882876E-006	3.5405458891121233E+000	5.1636333100435081E+000	3.0239837132501330E+000	-3.3676327037373405E-001	7.1583992767179938E-001	6.6200536564236512E-001 
270	9.9304394344011750E+006	1.8751214909414728E+001	-1.2487850905852724E+000	-3.9458757899128219E-006	3.5405992021468649E+000	5.1639217109527715E+000	3.0240212876352830E+000	-3.3712381052108037E-001	7.1143639238663547E-001	6.6193640773635376E-001 
275	9.9460985666145738E+006	1.8689105479165995E+001	-1.3108945208340046E+000	-3.9834179293198142E-006	3.5402567088084127E+000	5.1654484366972611E+000	3.0254696371844312E+000	-3.4146140581334700E-001	6.9028765561304151E-001	6.6131254761743130E-001 
280	9.9609738484487645E+006	1.8629580291777007E+001	-1.3704197082229932E+000	-4.0109589646778212E-006	3.5396885042800279E+000	5.1669434150354041E+000	3.0273535354102727E+000	-3.4661464667749625E-001	6.6842294788568557E-001	6.6071711876511829E-001 
285	9.9752947865320891E+006	1.8571749637334229E+001	-1.4282503626657714E+000	-4.0553499561885668E-006	3.5394561331198746E+000	5.1683882699503361E+000	3.0285407051880457E+000	-3.5033923658099397E-001	6.4593528492942742E-001	6.6019595699853639E-001 
290	9.9895434483972453E+006	1.8513771720181186E+001	-1.4862282798188140E+000	-4.0762321311414069E-006	3.5389522728426948E+000	5.1697411677656611E+000	3.0302248746500684E+000	-3.5506549142930088E-001	6.2375846630058585E-001	6.5957547317657972E-001 
295	1.0004455639188370E+007	1.8452632656904640E+001	-1.5473673430953596E+000	-4.1141682482386180E-006	3.5388989271530740E+000	5.1712344034112672E+000	3.0310781838521117E+000	-3.5820867811573842E-001	6.0098458240542352E-001	6.5909745330310254E-001 
300	1.0018573364851533E+007	1.8394358966404972E+001	-1.6056410335950275E+000	-4.1364944672032520E-006	3.5385174241926216E+000	5.1725232403525645E+000	3.0324856082436660E+000	-3.6239720557430610E-001	5.8004883156317000E-001	6.5860631777514511E-001 
305	1.0032420416181814E+007	1.8336723669689182E+001	-1.6632763303108185E+000	-4.1738830668096298E-006	3.5383330663967989E+000	5.1738703164515245E+000	3.0335278618847905E+000	-3.6584463004129597E-001	5.5953613251070700E-001	6.5795856348959381E-001 
310	1.0046159941136654E+007	1.8279130678153447E+001	-1.7208693218465534E+000	-4.2039623857823587E-006	3.5379185262344168E+000	5.1751245352213440E+000	3.0349840515944648E+000	-3.7012321213392280E-001	5.3953687995462896E-001	6.5731415046646813E-001 
315	1.0060588925944617E+007	1.8218225507762732E+001	-1.7817744922372682E+000	-4.2381286615603578E-006	3.5378232343663365E+000	5.1763704540292856E+000	3.0357975947345954E+000	-3.7319976252540610E-001	5.1865523126028557E-001	6.5669266346606647E-001 
320	1.0074148151086522E+007	1.8160617893221289E+001	-1.8393821067787108E+000	-4.2631449756356805E-006	3.5374403578857416E+000	5.1776411898388508E+000	3.0371987156005686E+000	-3.7737745700320680E-001	5.0022550726736181E-001	6.5608603808484489E-001 
325	1.0087609774356367E+007	1.8102975814445031E+001	-1.8970241855549688E+000	-4.2885479824933572E-006	3.5369117640621739E+000	5.1788315796674134E+000	3.0388510981619854E+000	-3.8206287171213416E-001	4.8118413450817465E-001	6.5540128202647641E-001 
330	1.0100966864211604E+007	1.8045446539052612E+001	-1.9545534609473876E+000	-4.3135045059018606E-006	3.5368815179899880E+000	5.1800868500620130E+000	3.0395392255036566E+000	-3.8482146434096903E-001	4.6253225394431863E-001	6.5493578269272856E-001 
335	1.0114115431105640E+007	1.7988356806038535E+001	-2.0116431939614650E+000	-4.3707604086202993E-006	3.5367152923027323E+000	5.1813087787945866E+000	3.0404826412444543E+000	-3.8808443569484474E-001	4.4386209660294562E-001	6.5427267637122721E-001 
340	1.0127091404469281E+007	1.7931687178416361E+001	-2.0683128215836390E+000	-4.3865458391090743E-006	3.5362731292669820E+000	5.1823873104105989E+000	3.0419062331239610E+000	-3.9230195892213865E-001	4.2623881256354412E-001	6.5361426877529549E-001 
345	1.0139796331725862E+007	1.7875815743305285E+001	-2.1241842566947149E+000	-4.3962381196272349E-006	3.5360812972620836E+000	5.1835297818273673E+000	3.0428611328421429E+000	-3.9556704279202326E-001	4.0915383794053323E-001	6.5290804445941131E-001 
350	1.0153002996398091E+007	1.7817370124498542E+001	-2.1826298755014584E+000	-4.4415941442707362E-006	3.5356508403243390E+000	5.1847063535202240E+000	3.0443103325640606E+000	-3.9988770992127859E-001	3.9056995798303745E-001	6.5237032203478051E-001 
355	1.0166533508924300E+007	1.7757020232420583E+001	-2.2429797675794170E+000	-4.4644351627098232E-006	3.5355133462317956E+000	5.1859482652649431E+000	3.0452062766215069E+000	-4.0315311030120393E-001	3.7389436264228720E-001	6.5173166404967764E-001 
360	1.0178714003370864E+007	1.7702381220089517E+001	-2.2976187799104828E+000	-4.4961042220824378E-006	3.5352382166960434E+000	5.1869933606615746E+000	3.0462790833913269E+000	-4.0663712434173216E-001	3.5747285072160889E-001	6.5110695634125593E-001 
365	1.0192975581365248E+007	1.7637958997268626E+001	-2.3620410027313739E+000	-4.5357721895331544E-006	3.5350127868038999E+000	5.1882588700296735E+000	3.0473626978596640E+000	-4.1038771363665644E-001	3.4037692366056388E-001	6.5041797085434216E-001 
370	1.0205886792232277E+007	1.7579294542643961E+001	-2.4207054573560391E+000	-4.5514746854018273E-006	3.5347052482553663E+000	5.1894285395329387E+000	3.0485626097083642E+000	-4.1423442316029324E-001	3.2378807586560521E-001	6.4975675431422908E-001 
375	1.0218462108465482E+007	1.7521805442665443E+001	-2.4781945573345574E+000	-4.5796636460387619E-006	3.5345198483518154E+000	5.1905622926668835E+000	3.0495002860824374E+000	-4.1753236501391189E-001	3.0906849616582222E-001	6.4911913843985192E-001 
380	1.0231316462677581E+007	1.7462695980629796E+001	-2.5373040193702039E+000	-4.6244655562253484E-006	3.5344470943371444E+000	5.1917249706557351E+000	3.0502271331062047E+000	-4.2045361964248779E-001	2.9321999596343779E-001	6.4848065016797207E-001 
385	1.0244419461544905E+007	1.7402049397888032E+001	-2.5979506021119683E+000	-4.6314710900608716E-006	3.5340185925508756E+000	5.1928750324621138E+000	3.0516591675819327E+000	-4.2482858463004480E-001	2.7870647994965303E-001	6.4773852656621234E-001 
390	1.0258908940249152E+007	1.7334414403662883E+001	-2.6655855963371167E+000	-4.6812119069798782E-006	3.5335696782129116E+000	5.1941857113807233E+000	3.0532123357171650E+000	-4.2962614324618598E-001	2.5965847362997718E-001	6.4702641420704965E-001 
395	1.0273186131669169E+007	1.7267313678907112E+001	-2.7326863210928884E+000	-4.7191692887435959E-006	3.5332742937009352E+000	5.1954382886621397E+000	3.0544293933818261E+000	-4.3374465485500208E-001	2.4475497733228285E-001	6.4620870212585646E-001 
400	1.0287352456551012E+007	1.7200259030503521E+001	-2.7997409694964794E+000	-4.7517142998355142E-006	3.5329911384977271E+000	5.1967533833741930E+000	3.0556532511442684E+000	-4.3788216158000010E-001	2.2837840631527856E-001	6.4541702547403978E-001 
405	1.0301408775805553E+007	1.7133222615857537E+001	-2.8667773841424626E+000	-4.7907323550867754E-006	3.5324968882004715E+000	5.1980319523009104E+000	3.0572810362021388E+000	-4.4283366118309664E-001	2.1440169438471918E-001	6.4466907782293570E-001 
410	1.0316850343039563E+007	1.7058852432813907E+001	-2.9411475671860927E+000	-4.8074450665012924E-006	3.5322332390614219E+000	5.1994050519349608E+000	3.0584948842972621E+000	-4.4715060281997115E-001	1.9671132935301636E-001	6.4370255999579395E-001 
415	1.0331368200142508E+007	1.6988478390978404E+001	-3.0115216090215959E+000	-4.8541300748268696E-006	3.5321907457318411E+000	5.2008063649495133E+000	3.0592805274637014E+000	-4.5051721940773715E-001	1.8356129898856655E-001	6.4286061923319249E-001 
420	1.0346195664634334E+007	1.6916072458520041E+001	-3.0839275414799587E+000	-4.9143464374057443E-006	3.5314585466569892E+000	5.2021536428940323E+000	3.0614185645856642E+000	-4.5664823901684565E-001	1.6692652543127731E-001	6.4187567308113425E-001 
425	1.0360898316050198E+007	1.6843603457152089E+001	-3.1563965428479115E+000	-4.9511245534885020E-006	3.5311917893230396E+000	5.2035584742773686E+000	3.0626544949452317E+000	-4.6098462804624935E-001	1.5452339649579738E-001	6.4094525986388606E-001 
430	1.0375269664808465E+007	1.6772271764313565E+001	-3.2277282356864347E+000	-4.9704600073927289E-006	3.5308824915419263E+000	5.2049546424740445E+000	3.0639711746057956E+000	-4.6546110505372607E-001	1.4021883107308050E-001	6.3993466771664209E-001 
435	1.0390098862693088E+007	1.6697967699971809E+001	-3.3020323000281913E+000	-5.0268168543049490E-006	3.5308969915561610E+000	5.2064250811420107E+000	3.0646773939113090E+000	-4.6880181777670188E-001	1.2669187599360560E-001	6.3891691560520503E-001 
440	1.0405368663885908E+007	1.6621245240342091E+001	-3.3787547596579088E+000	-5.0184571521924068E-006	3.5313086398827527E+000	5.2079878203629777E+000	3.0646354668686100E+000	-4.7071802292469783E-001	1.1183757066804104E-001	6.3767325241328054E-001 
445	1.0420000799150674E+007	1.6547798551746133E+001	-3.4522014482538665E+000	-5.0141634078326454E-006	3.5316855226018800E+000	5.2095416698686536E+000	3.0646586261831930E+000	-4.7268767367670228E-001	1.0096620302713216E-001	6.3657609894808309E-001 
450	1.0434957611853005E+007	1.6472811463937514E+001	-3.5271885360624857E+000	-5.0128176078059007E-006	3.5316830671631183E+000	5.2110955945163910E+000	3.0654404993845854E+000	-4.7622391752374971E-001	8.7871090747699221E-002	6.3523335222668642E-001 
455	1.0450971515252810E+007	1.6392253267024081E+001	-3.6077467329759187E+000	-5.0568101201395807E-006	3.5318803727957437E+000	5.2128465601055174E+000	3.0659213709138977E+000	-4.7931473294214588E-001	7.6279413107113003E-002	6.3361135639824395E-001 
460	1.0467418552686792E+007	1.6309305016060751E+001	-3.6906949839392489E+000	-5.0453658287100458E-006	3.5320413586235384E+000	5.2145452523277580E+000	3.0664487453694291E+000	-4.8257268236274647E-001	6.3082020933429503E-002	6.3152497819056830E-001 
465	1.0482874184975050E+007	1.6231457755598857E+001	-3.7685422444011429E+000	-5.0328964905210679E-006	3.5321852655874846E+000	5.2162589409981672E+000	3.0670177757767405E+000	-4.8578867235094536E-001	5.3833455052019037E-002	6.2901208449461143E-001 
470	1.0497433710073030E+007	1.6157978054005707E+001	-3.8420219459942935E+000	-5.0541977078803824E-006	3.5321110371224500E+000	5.2177967798116178E+000	3.0679351521135350E+000	-4.8959393688329750E-001	4.2999108198731185E-002	6.2622327185961502E-001 
475	1.0511451708632607E+007	1.6086881228094750E+001	-3.9131187719052498E+000	-5.0868251338098971E-006	3.5324680488842586E+000	5.2193619361386032E+000	3.0680037067534101E+000	-4.9164620472777515E-001	3.4405591040270272E-002	6.2246755766796835E-001 
480	1.0523924174372304E+007	1.6023379856648067E+001	-3.9766201433519335E+000	-5.1159398209837428E-006	3.5317295717707182E+000	5.2209437279237356E+000	3.0702715568730565E+000	-4.9789963196355852E-001	2.5091250643013235E-002	6.1823270720202783E-001 
485	1.0538303426279852E+007	1.5949284253658291E+001	-4.0507157463417087E+000	-5.1865551767273036E-006	3.5312171246159743E+000	5.2235463938879709E+000	3.0725977841646639E+000	-5.0456501665537490E-001	1.4033894218321517E-002	6.1171469306264525E-001 
490	1.0546470764287161E+007	1.5906459923104858E+001	-4.0935400768951418E+000	-5.2600075843905601E-006	3.5307225486945337E+000	5.2252733307443524E+000	3.0744504044357344E+000	-5.0943791986777209E-001	7.4012122465786428E-003	6.0699164926851223E-001 
495	1.0550851200967876E+007	1.5883244827092641E+001	-4.1167551729073590E+000	-5.3219353420198243E-006	3.5300159082527927E+000	5.2279403730082841E+000	3.0771972064511837E+000	-5.1556582924793048E-001	3.9277389774556044E-003	6.0128451396100391E-001 
500	1.0556628025192840E+007	1.5851906101991410E+001	-4.1480938980085895E+000	-5.5523951356945232E-006	3.5286722790192799E+000	5.2362195567306120E+000	3.0840240567793726E+000	-5.3007726899846719E-001	6.7742016687760335E-005	5.9489049493965662E-001 
505	1.0558323562394541E+007	1.5842372676612076E+001	-4.1576273233879242E+000	-5.7135918147931532E-006	3.5280450560680610E+000	5.2478034200154848E+000	3.0910704343242479E+000	-5.4443128980053590E-001	4.4185826321830275E-017	5.9226377228928506E-001 
510	1.0559576967084393E+007	1.5835055736261682E+001	-4.1649442637383185E+000	-5.8703792909950297E-006	3.5299373881133085E+000	5.2647104344963811E+000	3.0957392774742001E+000	-5.5396960519404503E-001	1.3737130907759193E-016	5.8936450190500433E-001 
515	1.0560658527987724E+007	1.5828746526878819E+001	-4.1712534731211814E+000	-5.8013991536798683E-006	3.5329043385385335E+000	5.2754563359956865E+000	3.0951783273734024E+000	-5.5302077674382333E-001	3.4970090573865314E-016	5.8378606015036472E-001 
520	1.0561829726750553E+007	1.5822216383800077E+001	-4.1777836161999229E+000	-5.3913437467577815E-006	3.5404116825591601E+000	5.2833401358570207E+000	3.0841055392628158E+000	-5.3105440550629546E-001	8.1192961031739546E-016	5.8001649503018171E-001 
525	1.0563684569263620E+007	1.5813004355470776E+001	-4.1869956445292242E+000	-4.7249778594546660E-006	3.5491941339839701E+000	5.2807200355889909E+000	3.0652305862791818E+000	-4.9355742859026469E-001	2.3922967275515079E-015	5.7524035663031037E-001 
530	1.0566304042209318E+007	1.5801210635225576E+001	-4.1987893647744237E+000	-4.5026580526391973E-006	3.5502214423347236E+000	5.2823208271269166E+000	3.0639763653466381E+000	-4.9137301487913909E-001	1.7731885858846955E-014	5.7141255474129360E-001 
535	1.0567620340940699E+007	1.5795206737493986E+001	-4.2047932625060138E+000	-4.4336085425805014E-006	3.5568166719759780E+000	5.3062329539752708E+000	3.0627419694883060E+000	-4.8906927096871033E-001	7.2381975166208936E-014	5.7014969207254373E-001 
540	1.0568055198036242E+007	1.5793337154165910E+001	-4.2066628458340904E+000	-4.2427587593943432E-006	3.5608278583276873E+000	5.3150822834304794E+000	3.0591442615124924E+000	-4.8192526287725967E-001	1.4388210632148359E-013	5.6981575203242019E-001 
545	1.0568484216393841E+007	1.5791528250705886E+001	-4.2084717492941142E+000	-4.1801826491363946E-006	3.5632096040051664E+000	5.3239307956359401E+000	3.0588050262602628E+000	-4.8129653751382168E-001	1.1492697712034580E-012	5.6947169453102253E-001 
550	1.0568591825537566E+007	1.5791082203498911E+001	-4.2089177965010887E+000	-4.0996555013474175E-006	3.5650350572144842E+000	5.3256717590041651E+000	3.0560246015257402E+000	-4.7574795529171293E-001	1.7324318250537784E-013	5.6938148451893489E-001 
555	1.0568609456219673E+007	1.5791010887192769E+001	-4.2089891128072310E+000	-3.8096946238790366E-006	3.5660949848493479E+000	5.3257756253527768E+000	3.0539566794303195E+000	-4.7161407248311010E-001	3.9995735029178006E-015	5.6936685980084789E-001 
560	1.0568610783399517E+007	1.5791006456239050E+001	-4.2089935437609505E+000	-2.8548824848732062E-006	3.5666240829931066E+000	5.3268752781617472E+000	3.0534483095472860E+000	-4.7059745457998398E-001	2.1960794738363417E-014	5.6936578033643637E-001 
565	1.0568611022262726E+007	1.5791005837925802E+001	-4.2089941620741982E+000	-2.3332612176625619E-006	3.5671237332576817E+000	5.3296018948603212E+000	3.0538123173674241E+000	-4.7132548722551082E-001	4.6824105249652664E-013	5.6936559643293061E-001 
570	1.0568611108525045E+007	1.5791005651513258E+001	-4.2089943484867423E+000	-2.1065205862446540E-006	3.5672601851356265E+000	5.3305168399417280E+000	3.0539968861522371E+000	-4.7169462992197647E-001	1.0547891915863842E-012	5.6936553249737787E-001 
575	1.0568611185652442E+007	1.5791005487603991E+001	-4.2089945123960089E+000	-2.1525884622309895E-006	3.5672032738826092E+000	5.3305198983262061E+000	3.0541122378505126E+000	-4.7192533782646573E-001	7.0911410338832075E-013	5.6936546267158517E-001 
580	1.0568611278075643E+007	1.5791005282956139E+001	-4.2089947170438613E+000	-2.2492513759489853E-006	3.5670261512132964E+000	5.3299245681589706E+000	3.0541688181055187E+000	-4.7203850396483632E-001	3.4658977833440484E-013	5.6936542026678438E-001 
585	1.0568611426924130E+007	1.5791004939066033E+001	-4.2089950609339670E+000	-2.3431130052940103E-006	3.5667747968820227E+000	5.3288865611053771E+000	3.0541525232412696E+000	-4.7200592369422756E-001	1.6417346283107662E-013	5.6936528941612119E-001 
590	1.0568611651912613E+007	1.5791004398977774E+001	-4.2089956010222256E+000	-2.3091063171000731E-006	3.5665162913529307E+000	5.3275642951306139E+000	3.0540084013120725E+000	-4.7171769468969138E-001	2.4597584312276566E-013	5.6936508076188408E-001 
595	1.0568611783370178E+007	1.5791004133898758E+001	-4.2089958661012421E+000	-1.5314285344529949E-006	3.5663793017253189E+000	5.3267782545404572E+000	3.0538893602722172E+000	-4.7147961990035675E-001	1.4226068838093794E-011	5.6936500948605628E-001 
600	1.0568611839647964E+007	1.5791004069156958E+001	-4.2089959308430416E+000	-1.0016971203054958E-006	3.5663444350840980E+000	5.3266640021622145E+000	3.0539019673655377E+000	-4.7150483586756931E-001	2.6654824795583815E-011	5.6936496704613193E-001 
605	1.0568611916553667E+007	1.5791004017723505E+001	-4.2089959822764946E+000	-3.8595619245853467E-007	3.5663303432330742E+000	5.3265912348167967E+000	3.0538937673948774E+000	-4.7148843734080453E-001	5.3420397757350695E-011	5.6936489001430823E-001 
610	1.0568611966152621E+007	1.5791004015595124E+001	-4.2089959844048757E+000	0.0000000000000000E+000	3.5661375255440517E+000	5.3257737608552622E+000	3.0538706657921546E+000	-4.7144223419389558E-001	8.9787985147072895E-011	5.6936484708455759E-001 
615	1.0568611982441282E+007	1.5791004015595124E+001	-4.2089959844048757E+000	0.0000000000000000E+000	3.5661139030799207E+000	5.3257120732269785E+000	3.0538870669062739E+000	-4.7147503642213395E-001	7.1815217269485532E-011	5.6936482851264325E-001 
620	1.0568611993760914E+007	1.5791004015595124E+001	-4.2089959844048757E+000	0.0000000000000000E+000	3.5661401960179924E+000	5.3258512280217083E+000	3.0539040584274963E+000	-4.7150901946457829E-001	7.6097411898416760E-011	5.6936481671042227E-001 
625	1.0568612006152209E+007	1.5791004015595124E+001	-4.2089959844048757E+000	0.0000000000000000E+000	3.5661654130478739E+000	5.3260374894252882E+000	3.0539467550695232E+000	-4.7159441274863267E-001	4.7160302756094739E-010	5.6936480105540865E-001 
630	1.0568612021681577E+007	1.5791004015595124E+001	-4.2089959844048757E+000	0.0000000000000000E+000	3.5661458685114864E+000	5.3259810098131206E+000	3.0539576043362135E+000	-4.7161611128201297E-001	8.8360907367088906E-011	5.6936479713945287E-001 
635	1.0568612037583746E+007	1.5791004015595124E+001	-4.2089959844048757E+000	0.0000000000000000E+000	3.5661480457433008E+000	5.3260229803800740E+000	3.0539742351560619E+000	-4.7164937292171027E-001	1.0147723538133742E-010	5.6936478922626543E-001 
640	1.0568612058159988E+007	1.5791004015595124E+001	-4.2089959844048757E+000	0.0000000000000000E+000	3.5661545339276182E+000	5.3261087731065153E+000	3.0540041551506483E+000	-4.7170921291088230E-001	1.0312380504052414E-010	5.6936477243528394E-001 
645	1.0568612073864961E+007	1.5791004015595124E+001	-4.2089959844048757E+000	0.0000000000000000E+000	3.5661564693353256E+000	5.3261667624054168E+000	3.0540292789846846E+000	-4.7175946057895540E-001	9.7439075936644413E-011	5.6936475033180378E-001 
650	1.0568612084215937E+007	1.5791004015595124E+001	-4.2089959844048757E+000	0.0000000000000000E+000	3.5661541267444745E+000	5.3261858037255347E+000	3.0540434848264448E+000	-4.7178787226247548E-001	1.3406547590748448E-010	5.6936474339042153E-001 
655	1.0568612095699096E+007	1.5791004015595124E+001	-4.2089959844048757E+000	0.0000000000000000E+000	3.5661535225631802E+000	5.3262145797338851E+000	3.0540590811932082E+000	-4.7181906499600218E-001	9.4662237815177503E-011	5.6936474316411578E-001 
660	1.0568612108725166E+007	1.5791004015595124E+001	-4.2089959844048757E+000	0.0000000000000000E+000	3.5658934713750510E+000	5.3251586775430928E+000	3.0540512324740705E+000	-4.7180336755772678E-001	1.0571135539994277E-010	5.6936474147230787E-001 
665	1.0568612118852671E+007	1.5791004015595124E+001	-4.2089959844048757E+000	0.0000000000000000E+000	3.5659191202566571E+000	5.3252808108343785E+000	3.0540610013565019E+000	-4.7182290532258975E-001	1.5176793122070826E-010	5.6936472970960184E-001 
670	1.0568612125914540E+007	1.5791004015595124E+001	-4.2089959844048757E+000	0.0000000000000000E+000	3.5659350098280740E+000	5.3253569934193257E+000	3.0540673135061422E+000	-4.7183552962187014E-001	2.5062830732792224E-010	5.6936471445119052E-001 
675	1.0568612132219007E+007	1.5791004015595124E+001	-4.2089959844048757E+000	0.0000000000000000E+000	3.5659528257325555E+000	5.3254187058112086E+000	3.0540625378931199E+000	-4.7182597839582546E-001	6.5041433432629200E-010	5.6936470620405832E-001 
680	1.0568612135541264E+007	1.5791004015595124E+001	-4.2089959844048757E+000	0.0000000000000000E+000	3.5659705771275227E+000	5.3254462433873266E+000	3.0540408038912443E+000	-4.7178251039207481E-001	2.2141969455367807E-009	5.6936469908114562E-001 
685	1.0568612136656133E+007	1.5791004015595124E+001	-4.2089959844048757E+000	0.0000000000000000E+000	3.5659886252508595E+000	5.3254968611445523E+000	3.0540300165231837E+000	-4.7176093565595356E-001	3.1077666798983345E-009	5.6936469866206729E-001 
690	1.0568612137249861E+007	1.5791004015595124E+001	-4.2089959844048757E+000	0.0000000000000000E+000	3.5660072096274047E+000	5.3255567897051446E+000	3.0540228120503894E+000	-4.7174652671036449E-001	2.8189363310302636E-009	5.6936469866206729E-001 
695	1.0568612137783015E+007	1.5791004015595124E+001	-4.2089959844048757E+000	0.0000000000000000E+000	3.5660285162577625E+000	5.3256301594916886E+000	3.0540168836829458E+000	-4.7173466997547731E-001	2.6760253824484195E-009	5.6936469865897654E-001 
700	1.0568612138267599E+007	1.5791004015595124E+001	-4.2089959844048757E+000	0.0000000000000000E+000	3.5660506638493166E+000	5.3257054855051029E+000	3.0540102515065457E+000	-4.7172140562267711E-001	2.6110433252788132E-009	5.6936469704651049E-001 
705	1.0568612138761193E+007	1.5791004015595124E+001	-4.2089959844048757E+000	0.0000000000000000E+000	3.5660739878059906E+000	5.3257843447759567E+000	3.0540030332286241E+000	-4.7170696906683435E-001	2.7921543984768928E-009	5.6936469643167997E-001 
710	1.0568612139191087E+007	1.5791004015595124E+001	-4.2089959844048757E+000	0.0000000000000000E+000	3.5660951658811815E+000	5.3258561665893485E+000	3.0539965879849373E+000	-4.7169407857946050E-001	3.0425684835228096E-009	5.6936469625069153E-001 
715	1.0568612139595591E+007	1.5791004015595124E+001	-4.2089959844048757E+000	0.0000000000000000E+000	3.5661157802695085E+000	5.3259292281451556E+000	3.0539918899861873E+000	-4.7168468258196089E-001	3.4607665173847651E-009	5.6936469619223307E-001 
720	1.0568612139979141E+007	1.5791004015595124E+001	-4.2089959844048757E+000	0.0000000000000000E+000	3.5661377105821228E+000	5.3260028422503733E+000	3.0539848364135675E+000	-4.7167057543672097E-001	4.0048569769774386E-009	5.6936469590115368E-001 
725	1.0568612140354550E+007	1.5791004015595124E+001	-4.2089959844048757E+000	0.0000000000000000E+000	3.5661596113644589E+000	5.3260755614768325E+000	3.0539773944621245E+000	-4.7165569153383491E-001	4.8414000469685405E-009	5.6936469566106118E-001 
730	1.0568612140739188E+007	1.5791004015595124E+001	-4.2089959844048757E+000	0.0000000000000000E+000	3.5661826491846451E+000	5.3261537656279492E+000	3.0539704208973104E+000	-4.7164174440420686E-001	5.9828930171550984E-009	5.6936469562494163E-001 
735	1.0568612141068740E+007	1.5791004015595124E+001	-4.2089959844048757E+000	0.0000000000000000E+000	3.5662032705069402E+000	5.3262262355359518E+000	3.0539654132067220E+000	-4.7163172902302974E-001	7.0425502905758249E-009	5.6936469517348709E-001 
740	1.0568612141269570E+007	1.5791004015595124E+001	-4.2089959844048757E+000	0.0000000000000000E+000	3.5662162747071124E+000	5.3262761105821887E+000	3.0539643423294960E+000	-4.7162958726857834E-001	7.6919923174932184E-009	5.6936469514542787E-001 
745	1.0568612141576897E+007	1.5791004015595124E+001	-4.2089959844048757E+000	0.0000000000000000E+000	3.5662372169544372E+000	5.3263650717092714E+000	3.0539669383983883E+000	-4.7163477940636228E-001	7.6655816108945043E-009	5.6936469487175756E-001 
750	1.0568612141994817E+007	1.5791004015595124E+001	-4.2089959844048757E+000	0.0000000000000000E+000	3.5662640570661313E+000	5.3265057048751814E+000	3.0539835747579538E+000	-4.7166805212549412E-001	5.2876084343451826E-009	5.6936469405845980E-001 
755	1.0568612142094526E+007	1.5791004015595124E+001	-4.2089959844048757E+000	0.0000000000000000E+000	3.5662702502130399E+000	5.3265408183396730E+000	3.0539887451963827E+000	-4.7167839300235126E-001	4.6408782403344136E-009	5.6936469397210188E-001 
760	1.0568612142238950E+007	1.5791004015595124E+001	-4.2089959844048757E+000	0.0000000000000000E+000	3.5662786036086045E+000	5.3265917214435401E+000	3.0539974899571876E+000	-4.7169588252396127E-001	3.7936133888240868E-009	5.6936469397168066E-001 
765	1.0568612142471548E+007	1.5791004015595124E+001	-4.2089959844048757E+000	0.0000000000000000E+000	3.5662904413499730E+000	5.3266655687002089E+000	3.0540107381027846E+000	-4.7172237881515516E-001	2.7685190619249595E-009	5.6936469380942545E-001 
770	1.0568612142600400E+007	1.5791004015595124E+001	-4.2089959844048757E+000	0.0000000000000000E+000	3.5662965349713911E+000	5.3267018819509824E+000	3.0540167074853359E+000	-4.7173431758025741E-001	2.4315145387283074E-009	5.6936469374511334E-001 
775	1.0568612142713718E+007	1.5791004015595124E+001	-4.2089959844048757E+000	0.0000000000000000E+000	3.5663008387128925E+000	5.3267307866141147E+000	3.0540225523338989E+000	-4.7174600727738358E-001	2.1444576301050857E-009	5.6936469370187759E-001 
780	1.0568612142896216E+007	1.5791004015595124E+001	-4.2089959844048757E+000	0.0000000000000000E+000	3.5663056052587039E+000	5.3267661008735256E+000	3.0540306763719811E+000	-4.7176225535354854E-001	1.7763159269823219E-009	5.6936469370011400E-001 
785	1.0568612143190131E+007	1.5791004015595124E+001	-4.2089959844048757E+000	0.0000000000000000E+000	3.5663099185203251E+000	5.3268071043969467E+000	3.0540425516104488E+000	-4.7178600583048363E-001	1.3534552094641548E-009	5.6936469369426701E-001 
790	1.0568612143430585E+007	1.5791004015595124E+001	-4.2089959844048757E+000	0.0000000000000000E+000	3.5663117686425418E+000	5.3268309017095179E+000	3.0540507500223009E+000	-4.7180240265418805E-001	1.1282309579745582E-009	5.6936469367269804E-001 
795	1.0568612143621171E+007	1.5791004015595124E+001	-4.2089959844048757E+000	0.0000000000000000E+000	3.5663118083267671E+000	5.3268424993497332E+000	3.0540564694739589E+000	-4.7181384155750350E-001	1.0001976860781758E-009	5.6936469364206699E-001 
800	1.0568612143928109E+007	1.5791004015595124E+001	-4.2089959844048757E+000	0.0000000000000000E+000	3.5663088150652427E+000	5.3268453852300306E+000	3.0540638989371574E+000	-4.7182870048390091E-001	8.5281247153435564E-010	5.6936469364101461E-001 
805	1.0568612144422436E+007	1.5791004015595124E+001	-4.2089959844048757E+000	0.0000000000000000E+000	3.5663015584145197E+000	5.3268358957738489E+000	3.0540736675105120E+000	-4.7184823763060985E-001	7.0182242435724355E-010	5.6936469238257292E-001 
810	1.0568612144957418E+007	1.5791004015595124E+001	-4.2089959844048757E+000	0.0000000000000000E+000	3.5662935839585956E+000	5.3268208016988350E+000	3.0540820693848518E+000	-4.7186504137928992E-001	5.9821889098637395E-010	5.6936469227844744E-001 
815	1.0568612145598494E+007	1.5791004015595124E+001	-4.2089959844048757E+000	0.0000000000000000E+000	3.5662824280454446E+000	5.3267936874149333E+000	3.0540908240692040E+000	-4.7188255074799373E-001	5.1182172282433966E-010	5.6936469095391840E-001 
820	1.0568612145831030E+007	1.5791004015595124E+001	-4.2089959844048757E+000	0.0000000000000000E+000	3.5662778177191536E+000	5.3267810807410889E+000	3.0540937413848641E+000	-4.7188838537931438E-001	4.8866331933781105E-010	5.6936469088744102E-001 
825	1.0568612146143351E+007	1.5791004015595124E+001	-4.2089959844048757E+000	0.0000000000000000E+000	3.5662700206369640E+000	5.3267561557142029E+000	3.0540968730358000E+000	-4.7189464868118580E-001	4.6739579322157879E-010	5.6936469024846303E-001 
830	1.0568612146646347E+007	1.5791004015595124E+001	-4.2089959844048757E+000	0.0000000000000000E+000	3.5662571843000634E+000	5.3267156237639979E+000	3.0541022797344994E+000	-4.7190546207858508E-001	4.3414575489748756E-010	5.6936468997059919E-001 
835	1.0568612147383085E+007	1.5791004015595124E+001	-4.2089959844048757E+000	0.0000000000000000E+000	3.5662431871291971E+000	5.3266713030549901E+000	3.0541081137217265E+000	-4.7191713005303926E-001	4.1411213024613292E-010	5.6936468948561925E-001 
840	1.0568612148136063E+007	1.5791004015595124E+001	-4.2089959844048757E+000	0.0000000000000000E+000	3.5662306307764693E+000	5.3266359847692124E+000	3.0541155672842941E+000	-4.7193203717817439E-001	3.8107021287197239E-010	5.6936468902394155E-001 
845	1.0568612148690069E+007	1.5791004015595124E+001	-4.2089959844048757E+000	0.0000000000000000E+000	3.5662218790422129E+000	5.3266056119240766E+000	3.0541178843302395E+000	-4.7193667127006489E-001	3.9933576795760805E-010	5.6936468750395808E-001 
850	1.0568612149142867E+007	1.5791004015595124E+001	-4.2089959844048757E+000	0.0000000000000000E+000	3.5662135867480487E+000	5.3265892418891330E+000	3.0541262839010961E+000	-4.7195347041177776E-001	3.5600432358694338E-010	5.6936468738705404E-001 
855	1.0568612149417188E+007	1.5791004015595124E+001	-4.2089959844048757E+000	0.0000000000000000E+000	3.5662084850472029E+000	5.3265720455838990E+000	3.0541278891501698E+000	-4.7195668090992582E-001	3.6083195277914740E-010	5.6936468717901656E-001 
860	1.0568612149851866E+007	1.5791004015595124E+001	-4.2089959844048757E+000	0.0000000000000000E+000	3.5661991525140637E+000	5.3265360331729248E+000	3.0541285480109623E+000	-4.7195799863151039E-001	3.8737670963995753E-010	5.6936468717826672E-001 
865	1.0568612150551917E+007	1.5791004015595124E+001	-4.2089959844048757E+000	0.0000000000000000E+000	3.5661849892192641E+000	5.3264853087010842E+000	3.0541315123646404E+000	-4.7196392733886644E-001	4.2414841792492414E-010	5.6936468657560568E-001 
870	1.0568612151307479E+007	1.5791004015595124E+001	-4.2089959844048757E+000	0.0000000000000000E+000	3.5661722818525363E+000	5.3264524396429875E+000	3.0541404925690481E+000	-4.7198188774768218E-001	4.4165321729046960E-010	5.6936468566656517E-001 
875	1.0568612152145717E+007	1.5791004015595124E+001	-4.2089959844048757E+000	0.0000000000000000E+000	3.5661644499187268E+000	5.3264330503260542E+000	3.0541464617781995E+000	-4.7199382616598473E-001	5.1283639183366225E-010	5.6936468564320175E-001 
880	1.0568612152964989E+007	1.5791004015595124E+001	-4.2089959844048757E+000	0.0000000000000000E+000	3.5661545981307388E+000	5.3263847288640349E+000	3.0541420046231660E+000	-4.7198491185591784E-001	7.9097638219300180E-010	5.6936468557016895E-001 
885	1.0568612153592272E+007	1.5791004015595124E+001	-4.2089959844048757E+000	0.0000000000000000E+000	3.5661457763157118E+000	5.3263206311162961E+000	3.0541275993793509E+000	-4.7195610136828758E-001	1.7173286376369034E-009	5.6936468541780705E-001 
890	1.0568612154036053E+007	1.5791004015595124E+001	-4.2089959844048757E+000	0.0000000000000000E+000	3.5661757843875495E+000	5.3264210552712372E+000	3.0541177953131462E+000	-4.7193649323587855E-001	4.9489590848987140E-009	5.6936468441143662E-001 
895	1.0568612154178435E+007	1.5791004015595124E+001	-4.2089959844048757E+000	0.0000000000000000E+000	3.5662040676094526E+000	5.3265904295404818E+000	3.0541459160039626E+000	-4.7199273461751096E-001	6.5288110147899094E-009	5.6936468410917185E-001 
900	1.0568612154256908E+007	1.5791004015595124E+001	-4.2089959844048757E+000	0.0000000000000000E+000	3.5662553822743943E+000	5.3268241909934950E+000	3.0541601674005858E+000	-4.7202123741075791E-001	7.5752315926701435E-009	5.6936468390283568E-001 
905	1.0568612154363297E+007	1.5791004015595124E+001	-4.2089959844048757E+000	0.0000000000000000E+000	3.5663364704875642E+000	5.3271804801572982E+000	3.0541761355561481E+000	-4.7205317372188205E-001	1.0121736535391902E-008	5.6936468390226602E-001 
910	1.0568612154492905E+007	1.5791004015595124E+001	-4.2089959844048757E+000	0.0000000000000000E+000	3.5664087757184957E+000	5.3274953362216939E+000	3.0541889531264825E+000	-4.7207880886255071E-001	1.7102539976519783E-008	5.6936468390188522E-001 
915	1.0568612154575754E+007	1.5791004015595124E+001	-4.2089959844048757E+000	0.0000000000000000E+000	3.5664342746800184E+000	5.3276060882467018E+000	3.0541933312159411E+000	-4.7208756504146815E-001	2.4756414765429469E-008	5.6936468382938576E-001 
920	1.0568612154584661E+007	1.5791004015595124E+001	-4.2089959844048757E+000	0.0000000000000000E+000	3.5664361472136488E+000	5.3276149364486312E+000	3.0541940102496445E+000	-4.7208892310887540E-001	2.5506920866171580E-008	5.6936468382558780E-001 
925	1.0568612154589230E+007	1.5791004015595124E+001	-4.2089959844048757E+000	0.0000000000000000E+000	3.5664368532664041E+000	5.3276178284279414E+000	3.0541940441337885E+000	-4.7208899087716255E-001	2.6058362191566103E-008	5.6936468381959915E-001 
930	1.0568612154596465E+007	1.5791004015595124E+001	-4.2089959844048757E+000	0.0000000000000000E+000	3.5664378296852046E+000	5.3276241633318557E+000	3.0541952587481438E+000	-4.7209142010587413E-001	2.6895114328938773E-008	5.6936468381920557E-001 
935	1.0568612154608117E+007	1.5791004015595124E+001	-4.2089959844048757E+000	0.0000000000000000E+000	3.5664397561010288E+000	5.3276319697459602E+000	3.0541953091235494E+000	-4.7209152085668460E-001	2.8270504813395498E-008	5.6936468380689365E-001 
940	1.0568612154626884E+007	1.5791004015595124E+001	-4.2089959844048757E+000	0.0000000000000000E+000	3.5664416532951857E+000	5.3276390209492641E+000	3.0541950403368876E+000	-4.7209098328336158E-001	3.0675998090691509E-008	5.6936468374858129E-001 
945	1.0568612154657111E+007	1.5791004015595124E+001	-4.2089959844048757E+000	0.0000000000000000E+000	3.5664403228282615E+000	5.3276440140130434E+000	3.0542001978026247E+000	-4.7210129821483560E-001	3.5103813812150520E-008	5.6936468371219029E-001 
950	1.0568612154701367E+007	1.5791004015595124E+001	-4.2089959844048757E+000	0.0000000000000000E+000	3.5664354533141802E+000	5.3276185832529368E+000	3.0541972214507349E+000	-4.7209534551105614E-001	4.4164809095490320E-008	5.6936468363656523E-001 
955	1.0568612154741472E+007	1.5791004015595124E+001	-4.2089959844048757E+000	0.0000000000000000E+000	3.5664271977381050E+000	5.3275741177661704E+000	3.0541914998595017E+000	-4.7208390232858927E-001	6.1213432973286079E-008	5.6936468363559667E-001 
960	1.0568612154777296E+007	1.5791004015595124E+001	-4.2089959844048757E+000	0.0000000000000000E+000	3.5664165405684587E+000	5.3275196173873116E+000	3.0541855640093645E+000	-4.7207203062831482E-001	1.1921655875109107E-007	5.6936468363454884E-001 
965	1.0568612154814688E+007	1.5791004015595124E+001	-4.2089959844048757E+000	0.0000000000000000E+000	3.5664028907689813E+000	5.3274522276779592E+000	3.0541791687536435E+000	-4.7205924011687345E-001	2.2811462816315056E-007	5.6936468352509262E-001 
970	1.0568612154838495E+007	1.5791004015595124E+001	-4.2089959844048757E+000	0.0000000000000000E+000	3.5663925115978516E+000	5.3274036616690630E+000	3.0541756440914547E+000	-4.7205219079249561E-001	3.2857258803731201E-007	5.6936468345592151E-001 
975	1.0568612154842842E+007	1.5791004015595124E+001	-4.2089959844048757E+000	0.0000000000000000E+000	3.5663905708481622E+000	5.3273951840896023E+000	3.0541752868011036E+000	-4.7205147621179294E-001	3.6159666345616247E-007	5.6936468344635116E-001 
980	1.0568612154845623E+007	1.5791004015595124E+001	-4.2089959844048757E+000	0.0000000000000000E+000	3.5663893631047672E+000	5.3273879196245630E+000	3.0541740700553741E+000	-4.7204904272033454E-001	3.7791799463546160E-007	5.6936468344241942E-001 
985	1.0568612154850099E+007	1.5791004015595124E+001	-4.2089959844048757E+000	0.0000000000000000E+000	3.5663872069931215E+000	5.3273778827856297E+000	3.0541733638591979E+000	-4.7204763032798208E-001	4.0467819301052487E-007	5.6936468343068758E-001 
990	1.0568612154857310E+007	1.5791004015595124E+001	-4.2089959844048757E+000	0.0000000000000000E+000	3.5663837160161207E+000	5.3273627491514146E+000	3.0541727789960924E+000	-4.7204646060177091E-001	4.5224275589225246E-007	5.6936468343063718E-001 
995	1.0568612154868925E+007	1.5791004015595124E+001	-4.2089959844048757E+000	0.0000000000000000E+000	3.5663775535380600E+000	5.3273366038157546E+000	3.0541720312843830E+000	-4.7204496517835198E-001	5.5433783693451172E-007	5.6936468341574276E-001 
1000	1.0568612154883366E+007	1.5791004015595124E+001	-4.2089959844048757E+000	0.0000000000000000E+000	3.5663697327877615E+000	5.3273045168539586E+000	3.0541716293040819E+000	-4.7204416121775000E-001	7.3632327529964753E-007	5.6936468339628954E-001 
1005	1.0568612154899713E+007	1.5791004015595124E+001	-4.2089959844048757E+000	0.0000000000000000E+000	3.5663598755943862E+000	5.3272667879211442E+000	3.0541724792244263E+000	-4.7204586105843815E-001	1.0491704897775949E-006	5.6936468335674773E-001 
1010	1.0568612154911825E+007	1.5791004015595124E+001	-4.2089959844048757E+000	0.0000000000000000E+000	3.5663521973660974E+000	5.3272390451153937E+000	3.0541739642781276E+000	-4.7204883116584145E-001	1.3747407436562289E-006	5.6936468331888990E-001 
1015	1.0568612154922483E+007	1.5791004015595124E+001	-4.2089959844048757E+000	0.0000000000000000E+000	3.5663450948768660E+000	5.3272153429743607E+000	3.0541763181860753E+000	-4.7205353898173652E-001	1.7226396319696709E-006	5.6936468330679757E-001 
1020	1.0568612154930770E+007	1.5791004015595124E+001	-4.2089959844048757E+000	0.0000000000000000E+000	3.5663384023151594E+000	5.3271996291837205E+000	3.0541818464141683E+000	-4.7206459543792284E-001	2.0151718096486082E-006	5.6936468330674572E-001 
1025	1.0568612154940125E+007	1.5791004015595124E+001	-4.2089959844048757E+000	0.0000000000000000E+000	3.5663316628280408E+000	5.3271781196207524E+000	3.0541845706069215E+000	-4.7207004382342954E-001	2.3198582299010631E-006	5.6936468327077794E-001 
1030	1.0568612154949710E+007	1.5791004015595124E+001	-4.2089959844048757E+000	0.0000000000000000E+000	3.5663245511984738E+000	5.3271567084194569E+000	3.0541880882654069E+000	-4.7207707914040015E-001	2.6255146430602769E-006	5.6936468323456046E-001 
1035	1.0568612154960291E+007	1.5791004015595124E+001	-4.2089959844048757E+000	0.0000000000000000E+000	3.5663163542331433E+000	5.3271324568480161E+000	3.0541923564103470E+000	-4.7208561543027977E-001	2.8796751636529158E-006	5.6936468321366640E-001 
1040	1.0568612154977337E+007	1.5791004015595124E+001	-4.2089959844048757E+000	0.0000000000000000E+000	3.5663029035717759E+000	5.3270940483655682E+000	3.0542000534918587E+000	-4.7210100959330353E-001	3.1297418561461997E-006	5.6936468318616085E-001 
1045	1.0568612155004786E+007	1.5791004015595124E+001	-4.2089959844048757E+000	0.0000000000000000E+000	3.5662819976408779E+000	5.3270262602416469E+000	3.0542079712916932E+000	-4.7211684519297220E-001	3.2596072126985108E-006	5.6936468313571531E-001 
1050	1.0568612155048992E+007	1.5791004015595124E+001	-4.2089959844048757E+000	0.0000000000000000E+000	3.5662493384750236E+000	5.3269124473858440E+000	3.0542163831955018E+000	-4.7213366900058940E-001	3.2423317832871997E-006	5.6936468313294131E-001 
1055	1.0568612155120188E+007	1.5791004015595124E+001	-4.2089959844048757E+000	0.0000000000000000E+000	3.5661991002446665E+000	5.3267241019613358E+000	3.0542226869439610E+000	-4.7214627649750818E-001	3.1602762881054869E-006	5.6936468307236998E-001 
1060	1.0568612155234851E+007	1.5791004015595124E+001	-4.2089959844048757E+000	0.0000000000000000E+000	3.5661227104646498E+000	5.3264194495791450E+000	3.0542231403128994E+000	-4.7214718323538463E-001	3.2101300313171450E-006	5.6936468307211363E-001 
1065	1.0568612155380121E+007	1.5791004015595124E+001	-4.2089959844048757E+000	0.0000000000000000E+000	3.5660316517761652E+000	5.3260431155363479E+000	3.0542170906684705E+000	-4.7213508394652703E-001	3.5264939370069041E-006	5.6936468286870290E-001 
1070	1.0568612155447304E+007	1.5791004015595124E+001	-4.2089959844048757E+000	0.0000000000000000E+000	3.5659911486548741E+000	5.3258734532740561E+000	3.0542132657799064E+000	-4.7212743416939845E-001	3.7942841714676572E-006	5.6936468279674768E-001 
1075	1.0568612155480526E+007	1.5791004015595124E+001	-4.2089959844048757E+000	0.0000000000000000E+000	3.5659714410912038E+000	5.3257906331392793E+000	3.0542112708398585E+000	-4.7212344428930347E-001	3.9069044086478266E-006	5.6936468274236929E-001 
1080	1.0568612155533168E+007	1.5791004015595124E+001	-4.2089959844048757E+000	0.0000000000000000E+000	3.5659404495418796E+000	5.3256611271930545E+000	3.0542085009653950E+000	-4.7211790454037617E-001	4.1450407335868528E-006	5.6936468269142160E-001 
1085	1.0568612155617941E+007	1.5791004015595124E+001	-4.2089959844048757E+000	0.0000000000000000E+000	3.5658913053794263E+000	5.3254532992302490E+000	3.0542028753088988E+000	-4.7210665322738349E-001	4.6134062462768338E-006	5.6936468268893436E-001 
1090	1.0568612155720469E+007	1.5791004015595124E+001	-4.2089959844048757E+000	0.0000000000000000E+000	3.5658336575304723E+000	5.3252076962188823E+000	3.0541953695011226E+000	-4.7209164161183137E-001	5.2434442406405577E-006	5.6936468260959838E-001 
1095	1.0568612155777942E+007	1.5791004015595124E+001	-4.2089959844048757E+000	0.0000000000000000E+000	3.5658022772622902E+000	5.3250733087394329E+000	3.0541909362977635E+000	-4.7208277520511260E-001	5.8020473577154687E-006	5.6936468260690676E-001 
1100	1.0568612155865895E+007	1.5791004015595124E+001	-4.2089959844048757E+000	0.0000000000000000E+000	3.5657550811180130E+000	5.3248707874776988E+000	3.0541840679554495E+000	-4.7206903852048548E-001	6.5393397670509280E-006	5.6936468260637196E-001 
1105	1.0568612155984012E+007	1.5791004015595124E+001	-4.2089959844048757E+000	0.0000000000000000E+000	3.5656937567783338E+000	5.3246058459565679E+000	3.0541742458742425E+000	-4.7204939435807119E-001	7.9466570189465282E-006	5.6936468252109684E-001 
1110	1.0568612156104118E+007	1.5791004015595124E+001	-4.2089959844048757E+000	0.0000000000000000E+000	3.5656356086056524E+000	5.3243510664393723E+000	3.0541631524610082E+000	-4.7202720753160271E-001	1.0203374632388271E-005	5.6936468245344729E-001 
1115	1.0568612156226829E+007	1.5791004015595124E+001	-4.2089959844048757E+000	0.0000000000000000E+000	3.5655810108996970E+000	5.3241060669033127E+000	3.0541498481048901E+000	-4.7200059881936585E-001	1.4367090419629642E-005	5.6936468242671778E-001 
1120	1.0568612156376647E+007	1.5791004015595124E+001	-4.2089959844048757E+000	0.0000000000000000E+000	3.5655218185924311E+000	5.3238286420273369E+000	3.0541295202814323E+000	-4.7195994317245021E-001	2.8353698909216557E-005	5.6936468215577329E-001 
1125	1.0568612156533863E+007	1.5791004015595124E+001	-4.2089959844048757E+000	0.0000000000000000E+000	3.5654689118084053E+000	5.3235400376933999E+000	3.0540910316825167E+000	-4.7188296597461915E-001	6.8963611970856582E-005	5.6936468174138810E-001 
1130	1.0568612156595558E+007	1.5791004015595124E+001	-4.2089959844048757E+000	0.0000000000000000E+000	3.5654508236673244E+000	5.3234210914022455E+000	3.0540677348191010E+000	-4.7183637224778807E-001	7.6533369670992989E-005	5.6936468154980457E-001 
1135	1.0568612156634986E+007	1.5791004015595124E+001	-4.2089959844048757E+000	0.0000000000000000E+000	3.5654387979153288E+000	5.3233442385496943E+000	3.0540533598968165E+000	-4.7180762240321916E-001	8.9068109536004394E-005	5.6936468146691521E-001 
1140	1.0568612156663584E+007	1.5791004015595124E+001	-4.2089959844048757E+000	0.0000000000000000E+000	3.5654302798084609E+000	5.3232883628859140E+000	3.0540424582786616E+000	-4.7178581916690882E-001	1.0329737954825215E-004	5.6936468142966878E-001 
1145	1.0568612156688219E+007	1.5791004015595124E+001	-4.2089959844048757E+000	0.0000000000000000E+000	3.5654228292776118E+000	5.3232397216073020E+000	3.0540330387010548E+000	-4.7176698001169570E-001	1.1999753832349099E-004	5.6936468140417862E-001 
1150	1.0568612156709746E+007	1.5791004015595124E+001	-4.2089959844048757E+000	0.0000000000000000E+000	3.5654162791671613E+000	5.3231982524552190E+000	3.0540254043459125E+000	-4.7175171130141119E-001	1.3707483522639474E-004	5.6936468132882800E-001 
1155	1.0568612156729052E+007	1.5791004015595124E+001	-4.2089959844048757E+000	0.0000000000000000E+000	3.5654105692612195E+000	5.3231617726413036E+000	3.0540185842508398E+000	-4.7173807111126609E-001	1.5772971239908485E-004	5.6936468132872631E-001 
1160	1.0568612156750543E+007	1.5791004015595124E+001	-4.2089959844048757E+000	0.0000000000000000E+000	3.5654036295983178E+000	5.3231212766380924E+000	3.0540122155750375E+000	-4.7172533375966158E-001	1.8211905963223658E-004	5.6936468132865581E-001 
1165	1.0568612156775450E+007	1.5791004015595124E+001	-4.2089959844048757E+000	0.0000000000000000E+000	3.5653962023117396E+000	5.3230739067055914E+000	3.0540033851819430E+000	-4.7170767297347188E-001	2.1454840308721829E-004	5.6936468130902274E-001 
1170	1.0568612156807177E+007	1.5791004015595124E+001	-4.2089959844048757E+000	0.0000000000000000E+000	3.5653862722354766E+000	5.3230174081010402E+000	3.0539949960321939E+000	-4.7169089467397374E-001	2.5334900452751887E-004	5.6936468122341799E-001 
1175	1.0568612156830341E+007	1.5791004015595124E+001	-4.2089959844048757E+000	0.0000000000000000E+000	3.5653795496158485E+000	5.3229765678568537E+000	3.0539880211493555E+000	-4.7167694490829715E-001	2.8698319401767534E-004	5.6936468122331430E-001 
1180	1.0568612156847652E+007	1.5791004015595124E+001	-4.2089959844048757E+000	0.0000000000000000E+000	3.5653747313004458E+000	5.3229469143375354E+000	3.0539828310205035E+000	-4.7166656465059276E-001	3.1473799540976708E-004	5.6936468122310691E-001 
1185	1.0568612156861683E+007	1.5791004015595124E+001	-4.2089959844048757E+000	0.0000000000000000E+000	3.5653706778022523E+000	5.3229215641888521E+000	3.0539782629425476E+000	-4.7165742849468112E-001	3.4299031666219212E-004	5.6936468122293049E-001 
1190	1.0568612156874906E+007	1.5791004015595124E+001	-4.2089959844048757E+000	0.0000000000000000E+000	3.5653671590628058E+000	5.3228987898062714E+000	3.0539739132301511E+000	-4.7164872906988808E-001	3.7154495584935363E-004	5.6936468121358730E-001 
1195	1.0568612156886918E+007	1.5791004015595124E+001	-4.2089959844048757E+000	0.0000000000000000E+000	3.5653639342878076E+000	5.3228783100665833E+000	3.0539701229103025E+000	-4.7164114843019106E-001	3.9919717546660160E-004	5.6936468118600547E-001 
1200	1.0568612156897705E+007	1.5791004015595124E+001	-4.2089959844048757E+000	0.0000000000000000E+000	3.5653615671654539E+000	5.3228594870156813E+000	3.0539654456295589E+000	-4.7163179386870407E-001	4.2711847323397055E-004	5.6936468118596406E-001 
1205	1.0568612156909326E+007	1.5791004015595124E+001	-4.2089959844048757E+000	0.0000000000000000E+000	3.5653587410998431E+000	5.3228398370411734E+000	3.0539612727735270E+000	-4.7162344815663981E-001	4.6192069621368034E-004	5.6936468115075312E-001 
1210	1.0568612156919019E+007	1.5791004015595124E+001	-4.2089959844048757E+000	0.0000000000000000E+000	3.5653561908620337E+000	5.3228244540972600E+000	3.0539586817771887E+000	-4.7161826616396374E-001	4.8081097150658495E-004	5.6936468112394512E-001 
1215	1.0568612156925045E+007	1.5791004015595124E+001	-4.2089959844048757E+000	0.0000000000000000E+000	3.5653550538794976E+000	5.3228147113657371E+000	3.0539560843765003E+000	-4.7161307136258712E-001	4.9752384806672843E-004	5.6936468112387528E-001 
1220	1.0568612156928785E+007	1.5791004015595124E+001	-4.2089959844048757E+000	0.0000000000000000E+000	3.5653540028077457E+000	5.3228098223687557E+000	3.0539557420215124E+000	-4.7161238665261124E-001	4.9504860419934008E-004	5.6936468112383132E-001 
1225	1.0568612156931646E+007	1.5791004015595124E+001	-4.2089959844048757E+000	0.0000000000000000E+000	3.5653528550088938E+000	5.3228044732666646E+000	3.0539553630681713E+000	-4.7161162874592849E-001	4.9193878220011049E-004	5.6936468112381056E-001 
1230	1.0568612156933928E+007	1.5791004015595124E+001	-4.2089959844048757E+000	0.0000000000000000E+000	3.5653523274671817E+000	5.3228011803077386E+000	3.0539547716721325E+000	-4.7161044595385149E-001	4.9283906488822469E-004	5.6936468112045835E-001 
1235	1.0568612156935750E+007	1.5791004015595124E+001	-4.2089959844048757E+000	0.0000000000000000E+000	3.5653519686153259E+000	5.3227984462873597E+000	3.0539541223656546E+000	-4.7160914734089548E-001	4.8529646055226329E-004	5.6936468111853433E-001 
1240	1.0568612156937748E+007	1.5791004015595124E+001	-4.2089959844048757E+000	0.0000000000000000E+000	3.5653511533178888E+000	5.3227968212576648E+000	3.0539549404456818E+000	-4.7161078350094937E-001	4.7101734828186803E-004	5.6936468111851513E-001 
1245	1.0568612156940967E+007	1.5791004015595124E+001	-4.2089959844048757E+000	0.0000000000000000E+000	3.5653495486721822E+000	5.3227962600524910E+000	3.0539578691345075E+000	-4.7161664087860117E-001	4.4682382794203351E-004	5.6936468111072902E-001 
1250	1.0568612156943880E+007	1.5791004015595124E+001	-4.2089959844048757E+000	0.0000000000000000E+000	3.5653477853843931E+000	5.3227950286686001E+000	3.0539607800181408E+000	-4.7162246264586744E-001	4.1674034783139370E-004	5.6936468109958593E-001 
1255	1.0568612156947106E+007	1.5791004015595124E+001	-4.2089959844048757E+000	0.0000000000000000E+000	3.5653467119672761E+000	5.3227907382600925E+000	3.0539607816481213E+000	-4.7162246590582824E-001	4.2914053961024744E-004	5.6936468108494565E-001 
1260	1.0568612156950871E+007	1.5791004015595124E+001	-4.2089959844048757E+000	0.0000000000000000E+000	3.5653449887403816E+000	5.3227869377442705E+000	3.0539623278439980E+000	-4.7162555829758246E-001	4.1779398367489020E-004	5.6936468108492244E-001 
1265	1.0568612156956930E+007	1.5791004015595124E+001	-4.2089959844048757E+000	0.0000000000000000E+000	3.5653419558974546E+000	5.3227836548871013E+000	3.0539667521012688E+000	-4.7163440681212326E-001	3.8943843428471022E-004	5.6936468108489435E-001 
1270	1.0568612156966692E+007	1.5791004015595124E+001	-4.2089959844048757E+000	0.0000000000000000E+000	3.5653382260545277E+000	5.3227726039716501E+000	3.0539686863293958E+000	-4.7163827526837759E-001	3.6622414405853686E-004	5.6936468108480731E-001 
1275	1.0568612156978080E+007	1.5791004015595124E+001	-4.2089959844048757E+000	0.0000000000000000E+000	3.5653348276935191E+000	5.3227567084368559E+000	3.0539675352840159E+000	-4.7163597317761763E-001	3.5584615544974698E-004	5.6936468107408633E-001 
1280	1.0568612156985600E+007	1.5791004015595124E+001	-4.2089959844048757E+000	0.0000000000000000E+000	3.5653329874931639E+000	5.3227459738476224E+000	3.0539658483901104E+000	-4.7163259938980706E-001	3.6468516697090646E-004	5.6936468107398874E-001 
1285	1.0568612156996265E+007	1.5791004015595124E+001	-4.2089959844048757E+000	0.0000000000000000E+000	3.5653306568658287E+000	5.3227289334637371E+000	3.0539619894528376E+000	-4.7162488151526116E-001	3.7871334516449874E-004	5.6936468107382376E-001 
1290	1.0568612157008752E+007	1.5791004015595124E+001	-4.2089959844048757E+000	0.0000000000000000E+000	3.5653288741570779E+000	5.3227096817194735E+000	3.0539559289982083E+000	-4.7161276060600277E-001	4.1407536551740277E-004	5.6936468104079330E-001 
1295	1.0568612157020135E+007	1.5791004015595124E+001	-4.2089959844048757E+000	0.0000000000000000E+000	3.5653273133357537E+000	5.3226891537689571E+000	3.0539487866655990E+000	-4.7159847594078363E-001	4.4417168523264351E-004	5.6936468103075721E-001 
1300	1.0568612157033008E+007	1.5791004015595124E+001	-4.2089959844048757E+000	0.0000000000000000E+000	3.5653266290506171E+000	5.3226660949248803E+000	3.0539386258138324E+000	-4.7157815423725030E-001	4.5049693775472196E-004	5.6936468100531668E-001 
1305	1.0568612157045158E+007	1.5791004015595124E+001	-4.2089959844048757E+000	0.0000000000000000E+000	3.5653274559807069E+000	5.3226409391847893E+000	3.0539243940836074E+000	-4.7154969077680092E-001	3.7646553939224656E-004	5.6936468098666648E-001 
1310	1.0568612157054294E+007	1.5791004015595124E+001	-4.2089959844048757E+000	0.0000000000000000E+000	3.5653275276395222E+000	5.3226230304244062E+000	3.0539152963857847E+000	-4.7153149538115546E-001	5.2322750306724034E-004	5.6936468098651816E-001 
1315	1.0568612157059953E+007	1.5791004015595124E+001	-4.2089959844048757E+000	0.0000000000000000E+000	3.5653273025916645E+000	5.3226139246677153E+000	3.0539111936031555E+000	-4.7152328981589736E-001	5.9872361921136795E-004	5.6936468098071846E-001 
1320	1.0568612157064734E+007	1.5791004015595124E+001	-4.2089959844048757E+000	0.0000000000000000E+000	3.5653272737816732E+000	5.3226038982682846E+000	3.0539062380234223E+000	-4.7151337865643100E-001	6.6556498175155332E-004	5.6936468098069859E-001 
1325	1.0568612157067496E+007	1.5791004015595124E+001	-4.2089959844048757E+000	0.0000000000000000E+000	3.5653281319269219E+000	5.3225965928491332E+000	3.0539008690233493E+000	-4.7150264065628500E-001	8.3021830378594385E-004	5.6936468097860615E-001 
1330	1.0568612157069156E+007	1.5791004015595124E+001	-4.2089959844048757E+000	0.0000000000000000E+000	3.5653289289830132E+000	5.3225901612548592E+000	3.0538960591140301E+000	-4.7149302083764622E-001	8.9339178951793768E-004	5.6936468097472581E-001 
1335	1.0568612157071656E+007	1.5791004015595124E+001	-4.2089959844048757E+000	0.0000000000000000E+000	3.5653291027162815E+000	5.3225854694759311E+000	3.0538933657580296E+000	-4.7148763412564548E-001	1.2919746902997215E-003	5.6936468097118453E-001 
1340	1.0568612157072980E+007	1.5791004015595124E+001	-4.2089959844048757E+000	0.0000000000000000E+000	3.5653297557073582E+000	5.3225808775542429E+000	3.0538897638150311E+000	-4.7148043023964814E-001	2.2866789179494542E-003	5.6936468097117288E-001 
1345	1.0568612157073794E+007	1.5791004015595124E+001	-4.2089959844048757E+000	0.0000000000000000E+000	3.5653312033977795E+000	5.3225723989231444E+000	3.0538826291186405E+000	-4.7146616084686738E-001	2.2876125872397846E-003	5.6936468097044068E-001 
1350	1.0568612157075085E+007	1.5791004015595124E+001	-4.2089959844048757E+000	0.0000000000000000E+000	3.5653334139436876E+000	5.3225613642898608E+000	3.0538726907101807E+000	-4.7144628402994765E-001	2.3127834466632686E-003	5.6936468096924453E-001 
1355	1.0568612157075796E+007	1.5791004015595124E+001	-4.2089959844048757E+000	0.0000000000000000E+000	3.5653335514510327E+000	5.3225614567945918E+000	3.0538724619478566E+000	-4.7144582650529954E-001	2.8260816219731633E-003	5.6936468096862891E-001 
1360	1.0568612157076234E+007	1.5791004015595124E+001	-4.2089959844048757E+000	0.0000000000000000E+000	3.5653334652324671E+000	5.3225618592873687E+000	3.0538728356313771E+000	-4.7144657387233996E-001	2.9244558211928080E-003	5.6936468096778081E-001 
1360	1.0568612157076158E+007	1.5791004015595124E+001	-4.2089959844048757E+000	0.0000000000000000E+000	3.5653334662964009E+000	5.3225617140038715E+000	3.0538727608617608E+000	-4.7144642433310752E-001	2.8750116945637288E-003	5.6936468096778226E-001 
1365	1.0568612157076309E+007	1.5791004015595124E+001	-4.2089959844048757E+000	0.0000000000000000E+000	3.5653333246678640E+000	5.3225616501473230E+000	3.0538730121905604E+000	-4.7144692699070662E-001	2.9139668403615308E-003	5.6936468096778103E-001 
1370	1.0568612157076521E+007	1.5791004015595124E+001	-4.2089959844048757E+000	0.0000000000000000E+000	3.5653332753673692E+000	5.3225622858686403E+000	3.0538734286522087E+000	-4.7144775991400301E-001	2.9525604625755849E-003	5.6936468096777981E-001 
1375	1.0568612157076728E+007	1.5791004015595124E+001	-4.2089959844048757E+000	0.0000000000000000E+000	3.5653330154698195E+000	5.3225619210699300E+000	3.0538737660479520E+000	-4.7144843470548958E-001	3.0369551514801787E-003	5.6936468096777870E-001 
1380	1.0568612157076882E+007	1.5791004015595124E+001	-4.2089959844048757E+000	0.0000000000000000E+000	3.5653331839582330E+000	5.3225624808889389E+000	3.0538737089806292E+000	-4.7144832057084451E-001	3.0611465354056463E-003	5.6936468096765680E-001 
1385	1.0568612157077122E+007	1.5791004015595124E+001	-4.2089959844048757E+000	0.0000000000000000E+000	3.5653329596316294E+000	5.3225622952933422E+000	3.0538740648360383E+000	-4.7144903228166218E-001	3.0535094295318353E-003	5.6936468096741200E-001 
1390	1.0568612157077514E+007	1.5791004015595124E+001	-4.2089959844048757E+000	0.0000000000000000E+000	3.5653327725426385E+000	5.3225622927009200E+000	3.0538744377178104E+000	-4.7144977804520655E-001	3.0959653609313660E-003	5.6936468096668924E-001 
1395	1.0568612157077920E+007	1.5791004015595124E+001	-4.2089959844048757E+000	0.0000000000000000E+000	3.5653328551304693E+000	5.3225619727737516E+000	3.0538741125785638E+000	-4.7144912776671405E-001	3.2048642855164663E-003	5.6936468096634241E-001 
1400	1.0568612157078210E+007	1.5791004015595124E+001	-4.2089959844048757E+000	0.0000000000000000E+000	3.5653326771989837E+000	5.3225618592682142E+000	3.0538744116887666E+000	-4.7144972598711915E-001	3.2150686663393537E-003	5.6936468096566428E-001 
1405	1.0568612157078443E+007	1.5791004015595124E+001	-4.2089959844048757E+000	0.0000000000000000E+000	3.5653326035746793E+000	5.3225620549079933E+000	3.0538746567572645E+000	-4.7145021612411558E-001	3.2415892297083279E-003	5.6936468096485338E-001 
1410	1.0568612157078816E+007	1.5791004015595124E+001	-4.2089959844048757E+000	0.0000000000000000E+000	3.5653324057412288E+000	5.3225616414784627E+000	3.0538748457094016E+000	-4.7145059402838901E-001	3.2976158393085929E-003	5.6936468096457959E-001 
1415	1.0568612157079203E+007	1.5791004015595124E+001	-4.2089959844048757E+000	0.0000000000000000E+000	3.5653322095217170E+000	5.3225623584578727E+000	3.0538755966381288E+000	-4.7145209588584391E-001	3.3802611075321566E-003	5.6936468096434689E-001 
1420	1.0568612157079564E+007	1.5791004015595124E+001	-4.2089959844048757E+000	0.0000000000000000E+000	3.5653317431517562E+000	5.3225640667339320E+000	3.0538773835160797E+000	-4.7145566964174529E-001	3.5427058923947472E-003	5.6936468096378934E-001 
1425	1.0568612157079874E+007	1.5791004015595124E+001	-4.2089959844048757E+000	0.0000000000000000E+000	3.5653312779954391E+000	5.3225655742290217E+000	3.0538790675762599E+000	-4.7145903776210601E-001	4.0436007942895071E-003	5.6936468096322712E-001 
1430	1.0568612157080226E+007	1.5791004015595124E+001	-4.2089959844048757E+000	0.0000000000000000E+000	3.5653309697122357E+000	5.3225678610268670E+000	3.0538808275415885E+000	-4.7146255769276296E-001	4.4259268112341044E-003	5.6936468096322290E-001 
1430	1.0568612157080159E+007	1.5791004015595124E+001	-4.2089959844048757E+000	0.0000000000000000E+000	3.5653309240550666E+000	5.3225675944320425E+000	3.0538807855585151E+000	-4.7146247372661654E-001	4.2919317937139927E-003	5.6936468096322446E-001 
1435	1.0568612157080248E+007	1.5791004015595124E+001	-4.2089959844048757E+000	0.0000000000000000E+000	3.5653309031391069E+000	5.3225676369680635E+000	3.0538808486584452E+000	-4.7146259992647643E-001	4.2597429877942730E-003	5.6936468096311810E-001 
1440	1.0568612157080360E+007	1.5791004015595124E+001	-4.2089959844048757E+000	0.0000000000000000E+000	3.5653307328641932E+000	5.3225678795875915E+000	3.0538813105180354E+000	-4.7146352364565658E-001	4.2651773628248884E-003	5.6936468096292636E-001 
1445	1.0568612157080440E+007	1.5791004015595124E+001	-4.2089959844048757E+000	0.0000000000000000E+000	3.5653307214807706E+000	5.3225679077618953E+000	3.0538813473720330E+000	-4.7146359735365173E-001	4.2649333331005821E-003	5.6936468096283632E-001 
1450	1.0568612157080516E+007	1.5791004015595124E+001	-4.2089959844048757E+000	0.0000000000000000E+000	3.5653305799078914E+000	5.3225682586718879E+000	3.0538818059727872E+000	-4.7146451455516009E-001	4.2758758094194613E-003	5.6936468096271242E-001 
1455	1.0568612157080607E+007	1.5791004015595124E+001	-4.2089959844048757E+000	0.0000000000000000E+000	3.5653305039546135E+000	5.3225678802731862E+000	3.0538817686799926E+000	-4.7146443996957160E-001	4.2789714779718439E-003	5.6936468096271164E-001 
1460	1.0568612157080717E+007	1.5791004015595124E+001	-4.2089959844048757E+000	0.0000000000000000E+000	3.5653304950485896E+000	5.3225682291974357E+000	3.0538819609541652E+000	-4.7146482451791627E-001	4.3001810618490295E-003	5.6936468096260595E-001 
1465	1.0568612157080820E+007	1.5791004015595124E+001	-4.2089959844048757E+000	0.0000000000000000E+000	3.5653303999957346E+000	5.3225677316210609E+000	3.0538819022716881E+000	-4.7146470715296218E-001	4.3939111460926323E-003	5.6936468096260462E-001 
1470	1.0568612157080987E+007	1.5791004015595124E+001	-4.2089959844048757E+000	0.0000000000000000E+000	3.5653304357052673E+000	5.3225671128171612E+000	3.0538815214506729E+000	-4.7146394551093151E-001	4.5415250540006297E-003	5.6936468096197090E-001 
1475	1.0568612157081086E+007	1.5791004015595124E+001	-4.2089959844048757E+000	0.0000000000000000E+000	3.5653304823098244E+000	5.3225670259021802E+000	3.0538813847840673E+000	-4.7146367217772073E-001	4.8559105507584065E-003	5.6936468096197046E-001 
1480	1.0568612157081166E+007	1.5791004015595124E+001	-4.2089959844048757E+000	0.0000000000000000E+000	3.5653304131902668E+000	5.3225668674679278E+000	3.0538814438060569E+000	-4.7146379022170004E-001	4.9107676564928175E-003	5.6936468096197024E-001 
1485	1.0568612157081299E+007	1.5791004015595124E+001	-4.2089959844048757E+000	0.0000000000000000E+000	3.5653305776590050E+000	5.3225664262970342E+000	3.0538808942831337E+000	-4.7146269117585338E-001	5.1924992305267840E-003	5.6936468096171777E-001 
1490	1.0568612157081425E+007	1.5791004015595124E+001	-4.2089959844048757E+000	0.0000000000000000E+000	3.5653304304877542E+000	5.3225653019869954E+000	3.0538806264706158E+000	-4.7146215555081750E-001	5.4180687857603065E-003	5.6936468096171744E-001 
1495	1.0568612157081526E+007	1.5791004015595124E+001	-4.2089959844048757E+000	0.0000000000000000E+000	3.5653307230739681E+000	5.3225653751469642E+000	3.0538800778781727E+000	-4.7146105836593166E-001	5.5071106875750663E-003	5.6936468096158444E-001 
1500	1.0568612157081604E+007	1.5791004015595124E+001	-4.2089959844048757E+000	0.0000000000000000E+000	3.5653306681922543E+000	5.3225655432850418E+000	3.0538802717106379E+000	-4.7146144603086232E-001	5.6225888489145979E-003	5.6936468096158432E-001 
1505	1.0568612157081662E+007	1.5791004015595124E+001	-4.2089959844048757E+000	0.0000000000000000E+000	3.5653307822973326E+000	5.3225648227739368E+000	3.0538796832449298E+000	-4.7146026909944605E-001	5.7645886297784752E-003	5.6936468096153758E-001 
1510	1.0568612157081753E+007	1.5791004015595124E+001	-4.2089959844048757E+000	0.0000000000000000E+000	3.5653308972839381E+000	5.3225638190151532E+000	3.0538789513923263E+000	-4.7145880539423868E-001	6.0335088165331344E-003	5.6936468096138382E-001 
1515	1.0568612157081809E+007	1.5791004015595124E+001	-4.2089959844048757E+000	0.0000000000000000E+000	3.5653308920638862E+000	5.3225634543715348E+000	3.0538787795106219E+000	-4.7145846163082988E-001	6.1068892968301966E-003	5.6936468096138348E-001 
1520	1.0568612157081844E+007	1.5791004015595124E+001	-4.2089959844048757E+000	0.0000000000000000E+000	3.5653310025141818E+000	5.3225635903181701E+000	3.0538786265833480E+000	-4.7145815577628147E-001	6.1655057748148858E-003	5.6936468096138315E-001 
1525	1.0568612157081880E+007	1.5791004015595124E+001	-4.2089959844048757E+000	0.0000000000000000E+000	3.5653310016544886E+000	5.3225631298450988E+000	3.0538783980661988E+000	-4.7145769874198390E-001	6.2935745352227165E-003	5.6936468096135051E-001 
1530	1.0568612157081932E+007	1.5791004015595124E+001	-4.2089959844048757E+000	0.0000000000000000E+000	3.5653310458965835E+000	5.3225624878217586E+000	3.0538779885703384E+000	-4.7145687975026307E-001	6.4135853237204067E-003	5.6936468096134996E-001 
1535	1.0568612157082012E+007	1.5791004015595124E+001	-4.2089959844048757E+000	0.0000000000000000E+000	3.5653311413541720E+000	5.3225621248746284E+000	3.0538776161815968E+000	-4.7145613497277994E-001	6.8521602326170441E-003	5.6936468096134951E-001 
1540	1.0568612157082081E+007	1.5791004015595124E+001	-4.2089959844048757E+000	0.0000000000000000E+000	3.5653312697835942E+000	5.3225612753579483E+000	3.0538769345644123E+000	-4.7145477173841061E-001	6.9385947878451443E-003	5.6936468096128645E-001 
1545	1.0568612157082135E+007	1.5791004015595124E+001	-4.2089959844048757E+000	0.0000000000000000E+000	3.5653313068959460E+000	5.3225607272169650E+000	3.0538765862692165E+000	-4.7145407514801901E-001	7.1688992673887468E-003	5.6936468096111148E-001 
1550	1.0568612157082178E+007	1.5791004015595124E+001	-4.2089959844048757E+000	0.0000000000000000E+000	3.5653314330991610E+000	5.3225600392544301E+000	3.0538759898815200E+000	-4.7145288237262550E-001	7.4542172041993631E-003	5.6936468096111104E-001 
1555	1.0568612157082230E+007	1.5791004015595124E+001	-4.2089959844048757E+000	0.0000000000000000E+000	3.5653315287868552E+000	5.3225597567863954E+000	3.0538756572721146E+000	-4.7145221715381536E-001	7.9490518029626100E-003	5.6936468096106774E-001 
1560	1.0568612157082243E+007	1.5791004015595124E+001	-4.2089959844048757E+000	0.0000000000000000E+000	3.5653315977085178E+000	5.3225594039534005E+000	3.0538753430122907E+000	-4.7145158863416736E-001	8.0445821206725724E-003	5.6936468096106774E-001 
1565	1.0568612157082256E+007	1.5791004015595124E+001	-4.2089959844048757E+000	0.0000000000000000E+000	3.5653316496297518E+000	5.3225591276757047E+000	3.0538751010309748E+000	-4.7145110467153600E-001	8.0446022821939293E-003	5.6936468096106763E-001 
1570	1.0568612157082269E+007	1.5791004015595124E+001	-4.2089959844048757E+000	0.0000000000000000E+000	3.5653316927626371E+000	5.3225586257311361E+000	3.0538747637929200E+000	-4.7145043019542610E-001	8.0517196770307619E-003	5.6936468096103987E-001 
1575	1.0568612157082284E+007	1.5791004015595124E+001	-4.2089959844048757E+000	0.0000000000000000E+000	3.5653315876253564E+000	5.3225583967024130E+000	3.0538748595531198E+000	-4.7145062171582591E-001	8.1030654944600732E-003	5.6936468096103976E-001 
1580	1.0568612157082295E+007	1.5791004015595124E+001	-4.2089959844048757E+000	0.0000000000000000E+000	3.5653318206222644E+000	5.3225583772065805E+000	3.0538743838113880E+000	-4.7144967023236195E-001	8.1608373279109022E-003	5.6936468096103943E-001 
1585	1.0568612157082317E+007	1.5791004015595124E+001	-4.2089959844048757E+000	0.0000000000000000E+000	3.5653317987804032E+000	5.3225579263565947E+000	3.0538742020701171E+000	-4.7144930674982027E-001	8.2771177397884931E-003	5.6936468096103943E-001 
1585	1.0568612157082314E+007	1.5791004015595124E+001	-4.2089959844048757E+000	0.0000000000000000E+000	3.5653316103592467E+000	5.3225578438436782E+000	3.0538745376559722E+000	-4.7144997792153021E-001	8.2495704763870335E-003	5.6936468096103943E-001 
1590	1.0568612157082323E+007	1.5791004015595124E+001	-4.2089959844048757E+000	0.0000000000000000E+000	3.5653317673368758E+000	5.3225583693754350E+000	3.0538744864665928E+000	-4.7144987554277118E-001	8.2770205059994849E-003	5.6936468096103943E-001 
1595	1.0568612157082334E+007	1.5791004015595124E+001	-4.2089959844048757E+000	0.0000000000000000E+000	3.5653319905347298E+000	5.3225584524611671E+000	3.0538740816137500E+000	-4.7144906583708579E-001	8.3114180632106131E-003	5.6936468096103943E-001 
1600	1.0568612157082343E+007	1.5791004015595124E+001	-4.2089959844048757E+000	0.0000000000000000E+000	3.5653319625780417E+000	5.3225581990789372E+000	3.0538740108360112E+000	-4.7144892428160856E-001	8.3806129469155537E-003	5.6936468096103920E-001 
1605	1.0568612157082355E+007	1.5791004015595124E+001	-4.2089959844048757E+000	0.0000000000000000E+000	3.5653319560673178E+000	5.3225580689985126E+000	3.0538739588172468E+000	-4.7144882024407980E-001	8.5753943442750443E-003	5.6936468096103920E-001 
1605	1.0568612157082353E+007	1.5791004015595124E+001	-4.2089959844048757E+000	0.0000000000000000E+000	3.5653319033118667E+000	5.3225583675506059E+000	3.0538742136041956E+000	-4.7144932981797749E-001	8.5437535805936438E-003	5.6936468096103920E-001 
1610	1.0568612157082353E+007	1.5791004015595124E+001	-4.2089959844048757E+000	0.0000000000000000E+000	3.5653319074921490E+000	5.3225574745612221E+000	3.0538737587489386E+000	-4.7144842010746352E-001	8.5756236887579700E-003	5.6936468096103920E-001 
1615	1.0568612157082353E+007	1.5791004015595124E+001	-4.2089959844048757E+000	0.0000000000000000E+000	3.5653318690877454E+000	5.3225578577887118E+000	3.0538740271714917E+000	-4.7144895695256944E-001	8.5894448506807809E-003	5.6936468096103743E-001 
1620	1.0568612157082353E+007	1.5791004015595124E+001	-4.2089959844048757E+000	0.0000000000000000E+000	3.5653319396514260E+000	5.3225578019478910E+000	3.0538738581237204E+000	-4.7144861885702682E-001	8.6021823367267661E-003	5.6936468096103743E-001 
1625	1.0568612157082353E+007	1.5791004015595124E+001	-4.2089959844048757E+000	0.0000000000000000E+000	3.5653319678645898E+000	5.3225575110127812E+000	3.0538736562298370E+000	-4.7144821506925999E-001	8.5690683678060469E-003	5.6936468096103743E-001 
1630	1.0568612157082353E+007	1.5791004015595124E+001	-4.2089959844048757E+000	0.0000000000000000E+000	3.5653320711813801E+000	5.3225581266533553E+000	3.0538737574165435E+000	-4.7144841744267324E-001	8.5793024066464097E-003	5.6936468096103743E-001 
1635	1.0568612157082357E+007	1.5791004015595124E+001	-4.2089959844048757E+000	0.0000000000000000E+000	3.5653319772075145E+000	5.3225574722929787E+000	3.0538736181840882E+000	-4.7144813897776217E-001	8.5959844468557148E-003	5.6936468096103743E-001 
1640	1.0568612157082368E+007	1.5791004015595124E+001	-4.2089959844048757E+000	0.0000000000000000E+000	3.5653319722003265E+000	5.3225575372214111E+000	3.0538736606626791E+000	-4.7144822393494407E-001	8.6231413839685939E-003	5.6936468096103743E-001 
1645	1.0568612157082377E+007	1.5791004015595124E+001	-4.2089959844048757E+000	0.0000000000000000E+000	3.5653320202767937E+000	5.3225564665510356E+000	3.0538730291745564E+000	-4.7144696095869870E-001	8.6883837623114458E-003	5.6936468096103732E-001 
1650	1.0568612157082388E+007	1.5791004015595124E+001	-4.2089959844048757E+000	0.0000000000000000E+000	3.5653321210375113E+000	5.3225575392404956E+000	3.0538733639978521E+000	-4.7144763060529010E-001	8.7702615879141962E-003	5.6936468096103732E-001 
1655	1.0568612157082401E+007	1.5791004015595124E+001	-4.2089959844048757E+000	0.0000000000000000E+000	3.5653322611132743E+000	5.3225572747302072E+000	3.0538729515911807E+000	-4.7144680579194764E-001	8.8411283052391380E-003	5.6936468096100934E-001 
1660	1.0568612157082412E+007	1.5791004015595124E+001	-4.2089959844048757E+000	0.0000000000000000E+000	3.5653321858274887E+000	5.3225571081478522E+000	3.0538730188715753E+000	-4.7144694035273660E-001	8.9254499106018147E-003	5.6936468096100923E-001 
1665	1.0568612157082433E+007	1.5791004015595124E+001	-4.2089959844048757E+000	0.0000000000000000E+000	3.5653323000152883E+000	5.3225564019638725E+000	3.0538724374039856E+000	-4.7144577741755694E-001	9.1508585565207579E-003	5.6936468096100912E-001 
1670	1.0568612157082466E+007	1.5791004015595124E+001	-4.2089959844048757E+000	0.0000000000000000E+000	3.5653324806211808E+000	5.3225556563593717E+000	3.0538717033899503E+000	-4.7144430938948712E-001	1.0143497808066308E-002	5.6936468096100901E-001 
1675	1.0568612157082496E+007	1.5791004015595124E+001	-4.2089959844048757E+000	0.0000000000000000E+000	3.5653324099713313E+000	5.3225553733372974E+000	3.0538717031786131E+000	-4.7144430896681239E-001	1.2430925672421739E-002	5.6936468096095494E-001 
1680	1.0568612157082519E+007	1.5791004015595124E+001	-4.2089959844048757E+000	0.0000000000000000E+000	3.5653323941100532E+000	5.3225550271764144E+000	3.0538715618207273E+000	-4.7144402625104076E-001	1.4936722879815055E-002	5.6936468096095472E-001 
1680	1.0568612157082517E+007	1.5791004015595124E+001	-4.2089959844048757E+000	0.0000000000000000E+000	3.5653324178913928E+000	5.3225549417271383E+000	3.0538714715334097E+000	-4.7144384567640546E-001	1.4485219359249535E-002	5.6936468096095472E-001 
1685	1.0568612157082517E+007	1.5791004015595124E+001	-4.2089959844048757E+000	0.0000000000000000E+000	3.5653325770262576E+000	5.3225554226903924E+000	3.0538713937453084E+000	-4.7144369010020265E-001	1.5309160041561578E-002	5.6936468096094783E-001 
1690	1.0568612157082524E+007	1.5791004015595124E+001	-4.2089959844048757E+000	0.0000000000000000E+000	3.5653324005599667E+000	5.3225548894597550E+000	3.0538714800625715E+000	-4.7144386273472894E-001	1.6610290727401954E-002	5.6936468096094783E-001 
1695	1.0568612157082524E+007	1.5791004015595124E+001	-4.2089959844048757E+000	0.0000000000000000E+000	3.5653327240609367E+000	5.3225556246428107E+000	3.0538712006521580E+000	-4.7144330391390216E-001	1.6858652012087576E-002	5.6936468096094783E-001 
1700	1.0568612157082524E+007	1.5791004015595124E+001	-4.2089959844048757E+000	0.0000000000000000E+000	3.5653325090786292E+000	5.3225545062849822E+000	3.0538710714378583E+000	-4.7144304548530264E-001	1.6988712333324385E-002	5.6936468096094728E-001 
1705	1.0568612157082524E+007	1.5791004015595124E+001	-4.2089959844048757E+000	0.0000000000000000E+000	3.5653324852302748E+000	5.3225546475918915E+000	3.0538711897880231E+000	-4.7144328218563247E-001	1.7198477037439819E-002	5.6936468096094550E-001 
1710	1.0568612157082524E+007	1.5791004015595124E+001	-4.2089959844048757E+000	0.0000000000000000E+000	3.5653324121866592E+000	5.3225544812122090E+000	3.0538712526854122E+000	-4.7144340798041007E-001	1.7552518178466595E-002	5.6936468096094550E-001 
1715	1.0568612157082524E+007	1.5791004015595124E+001	-4.2089959844048757E+000	0.0000000000000000E+000	3.5653324347059483E+000	5.3225542730622459E+000	3.0538711035718524E+000	-4.7144310975329085E-001	1.8149731796905343E-002	5.6936468096094550E-001 
1720	1.0568612157082524E+007	1.5791004015595124E+001	-4.2089959844048757E+000	0.0000000000000000E+000	3.5653325097340072E+000	5.3225542757782263E+000	3.0538709548737248E+000	-4.7144281235703600E-001	1.9527037598908222E-002	5.6936468096094550E-001 
1725	1.0568612157082528E+007	1.5791004015595124E+001	-4.2089959844048757E+000	0.0000000000000000E+000	3.5653323815668561E+000	5.3225537374115941E+000	3.0538709420247110E+000	-4.7144278665900829E-001	2.1872669999279476E-002	5.6936468096094550E-001 
1730	1.0568612157082537E+007	1.5791004015595124E+001	-4.2089959844048757E+000	0.0000000000000000E+000	3.5653325423944362E+000	5.3225541432507839E+000	3.0538708232891456E+000	-4.7144254918787687E-001	2.5268161251029063E-002	5.6936468096094539E-001 
1730	1.0568612157082535E+007	1.5791004015595124E+001	-4.2089959844048757E+000	0.0000000000000000E+000	3.5653326341717277E+000	5.3225546383410167E+000	3.0538708872796803E+000	-4.7144267716894689E-001	2.4531630718801708E-002	5.6936468096094539E-001 
1735	1.0568612157082535E+007	1.5791004015595124E+001	-4.2089959844048757E+000	0.0000000000000000E+000	3.5653326274013102E+000	5.3225548506279550E+000	3.0538710069639841E+000	-4.7144291653755377E-001	2.4719933084438359E-002	5.6936468096094484E-001 
1740	1.0568612157082535E+007	1.5791004015595124E+001	-4.2089959844048757E+000	0.0000000000000000E+000	3.5653325723234106E+000	5.3225547471738031E+000	3.0538710653927068E+000	-4.7144303339499993E-001	2.5011290746045238E-002	5.6936468096094484E-001 
1745	1.0568612157082535E+007	1.5791004015595124E+001	-4.2089959844048757E+000	0.0000000000000000E+000	3.5653325539744785E+000	5.3225543552410688E+000	3.0538709061242035E+000	-4.7144271485799327E-001	2.5493617570251152E-002	5.6936468096094406E-001 
1750	1.0568612157082535E+007	1.5791004015595124E+001	-4.2089959844048757E+000	0.0000000000000000E+000	3.5653325879471951E+000	5.3225546078513633E+000	3.0538709644839179E+000	-4.7144283157742167E-001	2.5918611144412806E-002	5.6936468096094417E-001 
1755	1.0568612157082535E+007	1.5791004015595124E+001	-4.2089959844048757E+000	0.0000000000000000E+000	3.5653324767207062E+000	5.3225542225657803E+000	3.0538709942941051E+000	-4.7144289119779598E-001	2.6424255935764418E-002	5.6936468096094206E-001 
1760	1.0568612157082535E+007	1.5791004015595124E+001	-4.2089959844048757E+000	0.0000000000000000E+000	3.5653325656969463E+000	5.3225543385292324E+000	3.0538708743233500E+000	-4.7144265125628582E-001	2.7268282205089412E-002	5.6936468096094195E-001 
1765	1.0568612157082535E+007	1.5791004015595124E+001	-4.2089959844048757E+000	0.0000000000000000E+000	3.5653324341056218E+000	5.3225543851275372E+000	3.0538711608051519E+000	-4.7144322421988988E-001	2.8689843822838249E-002	5.6936468096093862E-001 
1770	1.0568612157082535E+007	1.5791004015595124E+001	-4.2089959844048757E+000	0.0000000000000000E+000	3.5653325808675480E+000	5.3225543552304773E+000	3.0538708523327691E+000	-4.7144260727512460E-001	3.1400815395126819E-002	5.6936468096093862E-001 
1773	1.0568612157082535E+007	1.5791004015595124E+001	-4.2089959844048757E+000	0.0000000000000000E+000	3.5653326498946951E+000	5.3225547562825035E+000	3.0538709148044885E+000	-4.7144273221856309E-001	3.4246271638273193E-002	5.6936468096093862E-001 
