1	4.1643162603040409E+001	2.2500000000000000E+001	0.0000000000000000E+000	0.0000000000000000E+000	4.5595772767668086E+000	4.7888959582936712E+000	7.9855226206584451E-001	4.1929673473927984E+000	7.5503272525727887E+000	6.0986589264773383E-001	2.6596260830643059E-001	7.2010064907627702E-001 
5	2.5423567200782207E+002	2.2499991117856052E+001	-8.8821439483410813E-006	-3.9237056349816720E-008	4.5427657022928809E+000	4.7498960894047881E+000	8.1267547656925931E-001	4.1647207469429972E+000	7.5434108832853379E+000	5.9361909159426707E-001	2.6596653344065141E-001	7.2010064907627702E-001 
10	6.6368476413313965E+002	2.2499974933932798E+001	-2.5066067202317299E-005	-3.9725880838208574E-008	4.5432431936174922E+000	4.7522437185396544E+000	8.1289430848746780E-001	4.1642827707246299E+000	7.5436363115901797E+000	5.9427501148216977E-001	2.6597390600006660E-001	7.2010064907627680E-001 
15	1.3231066214918856E+003	2.2499948284372135E+001	-5.1715627865434044E-005	-4.0929112171920760E-008	4.5454154668765216E+000	4.7571008497329776E+000	8.1097832756607102E-001	4.1681142181773403E+000	7.5468635370225865E+000	6.0482974590534422E-001	2.6598739503512098E-001	7.2010064907627669E-001 
20	2.3851121169867192E+003	2.2499903193946110E+001	-9.6806053889508803E-005	-4.3522006159207803E-008	4.5502388131652793E+000	4.7661169424698766E+000	8.0583968135700601E-001	4.1783906402582325E+000	7.5545026841919354E+000	6.2950729161670160E-001	2.6601730106226595E-001	7.2010064907627569E-001 
25	4.0954825875361048E+003	2.2499824854145487E+001	-1.7514585451294806E-004	-4.7009650408068621E-008	4.5560414253820642E+000	4.7741023206128377E+000	7.9822714599491629E-001	4.1936141988602458E+000	7.5640878317680071E+000	6.5910441876702830E-001	2.6608773209959491E-001	7.2010064907627269E-001 
30	6.8500513340605976E+003	2.2499693511965695E+001	-3.0648803430466387E-004	-4.7450329258491758E-008	4.5589685034094405E+000	4.7688998719531606E+000	7.8977176561032414E-001	4.2105224244385662E+000	7.5695825112027961E+000	6.7368736740816448E-001	2.6622118044765397E-001	7.2010064907626226E-001 
35	1.1286311846025761E+004	2.2499491620743346E+001	-5.0837925665447870E-004	-4.4339255197778550E-008	4.5585046246531915E+000	4.7560871142933001E+000	7.8429314429289243E-001	4.2214757701031376E+000	7.5703127448823553E+000	6.7400163411399006E-001	2.6644614761829716E-001	7.2010064907622939E-001 
40	1.8430953763150777E+004	2.2499182929731923E+001	-8.1707026807720240E-004	-4.2858086779526407E-008	4.5579355654737803E+000	4.7522028672880889E+000	7.8348913914911045E-001	4.2230778218684026E+000	7.5698654980403894E+000	6.7217996860314766E-001	2.6681463553708606E-001	7.2010064907611004E-001 
45	2.9937471017099797E+004	2.2498691137670608E+001	-1.3088623293917578E-003	-4.2715227661858487E-008	4.5576264132522324E+000	4.7523062886138492E+000	7.8415915425508476E-001	4.2217282986489320E+000	7.5693275574551944E+000	6.7038944415143109E-001	2.6740525430772027E-001	7.2010064907565263E-001 
50	4.8468832119757237E+004	2.2497899873682691E+001	-2.1001263173090479E-003	-4.2691749046437177E-008	4.5571896193685379E+000	4.7527973025212704E+000	7.8527824897618659E-001	4.2194748350903568E+000	7.5685678438102402E+000	6.6785056739688775E-001	2.6834381130650992E-001	7.2010064907380211E-001 
55	7.8313774489198084E+004	2.2496625684580525E+001	-3.3743154194745273E-003	-4.2698063140387942E-008	4.5565615145262575E+000	4.7536167904109732E+000	7.8694420260559828E-001	4.2161183304704437E+000	7.5675273137528123E+000	6.6431452216864839E-001	2.6983231458146889E-001	7.2010064906606008E-001 
60	1.2637935262460625E+005	2.2494571759670130E+001	-5.4282403298699933E-003	-4.2761138518534088E-008	4.5556679349457232E+000	4.7549792850720261E+000	7.8941260909719213E-001	4.2111418649193704E+000	7.5661712386274242E+000	6.5959216842372292E-001	2.7218627077464125E-001	7.2010064903291682E-001 
65	2.0378944686746251E+005	2.2491252858892349E+001	-8.7471411076514016E-003	-4.2962493116460154E-008	4.5545305358863946E+000	4.7572603771793061E+000	7.9282795326949029E-001	4.2042470950420423E+000	7.5645589348669056E+000	6.5371145415130183E-001	2.7587308207235878E-001	7.2010064888739955E-001 
70	3.2845917774652503E+005	2.2485862233659539E+001	-1.4137766340461155E-002	-4.3441879643913762E-008	4.5531432036531037E+000	4.7610716346163464E+000	7.9750824645459173E-001	4.1947824060054497E+000	7.5628344269380143E+000	6.4687306052195626E-001	2.8164517604968120E-001	7.2010064818168906E-001 
75	5.2924102602456405E+005	2.2477021277266125E+001	-2.2978722733874690E-002	-4.4453275566205658E-008	4.5515411484522961E+000	4.7674471340091067E+000	8.0390010655258681E-001	4.1818278970020666E+000	7.5612578879688348E+000	6.3947310796795021E-001	2.9066217599165572E-001	7.2010062749602555E-001 
80	8.5260220049482887E+005	2.2462267410131563E+001	-3.7732589868436861E-002	-4.6454326613384029E-008	4.5498576593780236E+000	4.7781694037232043E+000	8.1262821955818099E-001	4.1640865074513274E+000	7.5602310294333019E+000	6.3206889573129477E-001	3.0460581401599163E-001	7.2009851535545821E-001 
85	1.3733786055909351E+006	2.2436879220958389E+001	-6.3120779041611286E-002	-5.0369612094223855E-008	4.5481997287817340E+000	4.7962477580282661E+000	8.2498325790329186E-001	4.1388852877231708E+000	7.5602548251814294E+000	6.2503290597193273E-001	3.2640028850458280E-001	7.2002193021383565E-001 
90	2.2120942137622656E+006	2.2390785316257606E+001	-1.0921468374239396E-001	-5.8250690656728854E-008	4.5468720483409122E+000	4.8272616187611987E+000	8.4314554915140161E-001	4.1016675810491625E+000	7.5621102621803473E+000	6.1865307691922611E-001	3.6108245350888574E-001	7.1892517831213032E-001 
95	3.5628540878782761E+006	2.2298393820521564E+001	-2.0160617947843562E-001	-7.6043144260052013E-008	4.5469005920560184E+000	4.8823979309390806E+000	8.7065661781012893E-001	4.0448496992263783E+000	7.5672455828508030E+000	6.1328618306429883E-001	4.1849533374663467E-001	7.1092109286831606E-001 
100	5.7382663727408536E+006	2.2072102576022253E+001	-4.2789742397774688E-001	-1.2707394131649369E-007	4.5485605574732428E+000	4.9873314069576438E+000	9.1980342498496326E-001	3.9421262092224523E+000	7.5798015621013137E+000	6.1251165370245364E-001	5.3178660802241873E-001	6.7415563631197217E-001 
103	7.3218845135632530E+006	2.1803565250332614E+001	-6.9643474966738594E-001	-1.9485169119037142E-007	4.5263946953016108E+000	5.0804662127780995E+000	1.0107025522384550E+000	3.7550117628136173E+000	7.5986836680554815E+000	6.3801005010739520E-001	6.9044541566073503E-001	6.3804374822606591E-001 
105	8.1060586139806099E+006	2.1624238117790831E+001	-8.7576188220916862E-001	-2.3998727156708720E-007	4.4962838240695033E+000	5.1387416018515246E+000	1.1000619892393817E+000	3.5727061899351131E+000	7.6149612018254649E+000	6.7206254224203621E-001	7.9120616550514733E-001	6.2487896531198128E-001 
110	9.0713544262732435E+006	2.1379829155186059E+001	-1.1201708448139414E+000	-2.6347092077173581E-007	4.4121362198752827E+000	5.2273317113168352E+000	1.3126522523604793E+000	3.1425890791600422E+000	7.6732842887461379E+000	8.3570776263373792E-001	9.5686397763289555E-001	6.1410517567683343E-001 
112	9.1769213038100228E+006	2.1352874402158768E+001	-1.1471255978412316E+000	-3.0510826217258662E-007	4.4156533205938828E+000	5.2400451158383845E+000	1.3119747531840524E+000	3.1433961925873533E+000	7.7127860277506679E+000	9.5496898537945996E-001	9.7957047839174549E-001	6.1315271111558012E-001 
115	9.2034715970410369E+006	2.1344328347637500E+001	-1.1556716523624999E+000	-3.4434919290378068E-007	4.4380530006447199E+000	5.2504029151197660E+000	1.2723542927230700E+000	3.2224632611662529E+000	7.7636167295442418E+000	1.1100613445914480E+000	9.8552195247888552E-001	6.1292013747528584E-001 
120	9.2092550572455488E+006	2.1341055585179610E+001	-1.1589444148203896E+000	-7.4954322209642037E-007	4.4627155019612532E+000	5.2774744157041242E+000	1.2365650403821822E+000	3.2939751696247841E+000	7.8677752626038995E+000	1.4443305584163131E+000	9.8659258920733084E-001	6.1287056892130176E-001 
125	9.2108396444206648E+006	2.1339098749273752E+001	-1.1609012507262477E+000	-1.3521994981548019E-006	4.4697660611462249E+000	5.2837046025339927E+000	1.2255790154271722E+000	3.3159073957314575E+000	7.9376936104149198E+000	1.6984966065332692E+000	9.8659968144464716E-001	6.1285649344077719E-001 
130	9.2126843340008389E+006	2.1337177861598807E+001	-1.1628221384011930E+000	-9.0649101033611943E-007	4.4435128332889908E+000	5.2943153179595965E+000	1.2833908288544424E+000	3.2002446731082896E+000	7.9875344349947364E+000	1.9046564165628572E+000	9.8659968144304300E-001	6.1283800476552497E-001 
135	9.2148080223423056E+006	2.1332554446545515E+001	-1.1674455534544848E+000	-3.8786379258826920E-006	4.3968652139335518E+000	5.3141166766565631E+000	1.3865867469138049E+000	2.9937587223305573E+000	8.0469771039613338E+000	2.1353937194395836E+000	9.8659967953273664E-001	6.1280930573141912E-001 
140	9.2165303525858242E+006	2.1300206970637650E+001	-1.1997930293623504E+000	-2.0984735134086506E-005	4.3591021886175874E+000	5.3217245008185943E+000	1.4659167096267478E+000	2.8344397575875284E+000	8.1003603749946329E+000	2.3268405936622321E+000	9.8659865915783762E-001	6.1276978622696199E-001 
145	9.2181039724168126E+006	2.1270135555413010E+001	-1.2298644445869904E+000	-2.3642499246527564E-005	4.3082351773541241E+000	5.3323647251761894E+000	1.5729708443324730E+000	2.6197179224355938E+000	8.1513869089580631E+000	2.4991693724556816E+000	9.8653760025841386E-001	6.1272540113452190E-001 
150	9.2197593632400353E+006	2.1233173118929834E+001	-1.2668268810701662E+000	-2.1353080547929729E-005	4.2453510289592380E+000	5.3418220546528881E+000	1.7034678058605941E+000	2.3579686423612887E+000	8.1986157167277174E+000	2.6408465483086689E+000	9.8616650798708294E-001	6.1267230058516797E-001 
155	9.2212357735376563E+006	2.1215305202445112E+001	-1.2846947975548879E+000	-5.9415518097855502E-006	4.1852292457160889E+000	5.3523646192465941E+000	1.8289826546437451E+000	2.1065733280144752E+000	8.2136726238248770E+000	2.6732304461160181E+000	9.8546247680255217E-001	6.1263093669942981E-001 
160	9.2234727118800394E+006	2.1204652237039841E+001	-1.2953477629601586E+000	-3.8416294754753304E-006	4.0878212516333239E+000	5.3663105137568579E+000	2.0307715900644081E+000	1.7027773275724647E+000	8.2198398760068390E+000	2.6817456564127387E+000	9.8421030439544743E-001	6.1259665130990049E-001 
163	9.2254259385750964E+006	2.1200946659046075E+001	-1.2990533409539253E+000	-6.7644220308953041E-007	3.9885177896957162E+000	5.3717675682563000E+000	2.2321070411893444E+000	1.3000305243981409E+000	8.2257169866799487E+000	2.6967536521627484E+000	9.8308088299404239E-001	6.1256959470066230E-001 
165	9.2268492148948163E+006	2.1200909031157064E+001	-1.2990909688429362E+000	-3.2255533242587650E-008	3.9388580290107047E+000	5.3731360534944725E+000	2.3321108051784534E+000	1.1000222256241976E+000	8.2324838083577241E+000	2.7168997788355558E+000	9.8213268682349886E-001	6.1255549028602363E-001 
170	9.2307010349077731E+006	2.1200621453501203E+001	-1.2993785464987972E+000	-8.5474380770424234E-008	3.9021012072738586E+000	5.3722186029794017E+000	2.4051657233946107E+000	9.5390649820692841E-001	8.2563447777891863E+000	2.7897839819403041E+000	9.7727039606724575E-001	6.1250526807477412E-001 
173	9.2333694128689785E+006	2.1200410352356911E+001	-1.2995896476430886E+000	-7.6438338480339568E-008	3.9009895287664538E+000	5.3755714200042251E+000	2.4090654889218315E+000	9.4610264272649136E-001	8.2580123816886282E+000	2.7928108298222933E+000	9.7258470097710303E-001	6.1246928615655805E-001 
175	9.2356227008567024E+006	2.1200226581271597E+001	-1.2997734187284031E+000	-8.5153884156118706E-008	3.8939160174057119E+000	5.3773766983867013E+000	2.4241151508345538E+000	9.1599955429871727E-001	8.2585148835610767E+000	2.7933140960695089E+000	9.6870294512755672E-001	6.1244501033006105E-001 
180	9.2435490930841118E+006	2.1197332573614684E+001	-1.3026674263853160E+000	-5.2789935523524778E-007	3.8683666072460081E+000	5.3790005760738175E+000	2.4760259099975186E+000	8.1211874710885390E-001	8.2594502111050119E+000	2.7937530762261273E+000	9.5449804483531975E-001	6.1237782033726640E-001 
185	9.2563146270302720E+006	2.1189277294159460E+001	-1.3107227058405400E+000	-6.9847561190837381E-007	3.8512514210104003E+000	5.3797691128326504E+000	2.5106405508481511E+000	7.4272439613355945E-001	8.2613985980487588E+000	2.7962597403034013E+000	9.3143115553141187E-001	6.1232819455194165E-001 
190	9.2768736471059062E+006	2.1172767966679601E+001	-1.3272320333203993E+000	-8.6880839884082559E-007	3.8370513495762713E+000	5.3815944872184369E+000	2.5399533809093024E+000	6.8376022968356309E-001	8.2640137860301746E+000	2.7981849959384193E+000	8.9396893404864108E-001	6.1223733938173208E-001 
195	9.3081552566359453E+006	2.1142181567434559E+001	-1.3578184325654412E+000	-1.0963992178395155E-006	3.8212818164430757E+000	5.3839642526624205E+000	2.5726773298976857E+000	6.1768449181223817E-001	8.2679694255923035E+000	2.8008094447153664E+000	8.3794593515147842E-001	6.1211554218239772E-001 
200	9.3297932342275959E+006	2.1113749875715584E+001	-1.3862501242844161E+000	-1.5025792905548873E-006	3.7975150059528469E+000	5.3851296564632927E+000	2.6207936527785791E+000	5.2086742023062549E-001	8.2708020164319898E+000	2.8029376597985132E+000	7.9977828641086235E-001	6.1195110054751412E-001 
205	9.3503754363988545E+006	2.1078048081387415E+001	-1.4219519186125851E+000	-1.7856656160301075E-006	3.7866537577795016E+000	5.3863488953509133E+000	2.6431257685690785E+000	4.7546820712610066E-001	8.2735964743158963E+000	2.8053900443047635E+000	7.6356313510110996E-001	6.1183089020099424E-001 
210	9.3673848667703420E+006	2.1044713286658840E+001	-1.4552867133411596E+000	-2.0552540710054007E-006	3.7793168746276362E+000	5.3872710499879686E+000	2.6582606121913384E+000	4.4451114232331984E-001	8.2759218372324295E+000	2.8074990965940549E+000	7.3381143744111044E-001	6.1167403515699936E-001 
212	9.3742442293156739E+006	2.1030082576682283E+001	-1.4699174233177175E+000	-2.1552224829562669E-006	3.7745297492762973E+000	5.3875014524785394E+000	2.6679500641393021E+000	4.2483020312407677E-001	8.2768802486970827E+000	2.8084132173711911E+000	7.2219561712201219E-001	6.1157962375575714E-001 
215	9.3852817560431100E+006	2.1020347104290469E+001	-1.4796528957095312E+000	-2.7365839228630970E-007	3.7674440180406514E+000	5.3881985291022527E+000	2.6824700649224500E+000	3.9558910672730696E-001	8.2784507974985111E+000	2.8100080688209763E+000	7.0307055172027666E-001	6.1145645021535688E-001 
220	9.3911052082530465E+006	2.1018626234744911E+001	-1.4813737652550891E+000	-3.8843742525838235E-007	3.7358072342912036E+000	5.3858518347064841E+000	2.7445702852234608E+000	2.7135311034983445E-001	8.2792918308871855E+000	2.8108629722151428E+000	6.9311208363264509E-001	6.1120839889785705E-001 
225	9.3940045418957733E+006	2.1017337301790718E+001	-1.4826626982092819E+000	-4.7277838888309326E-007	3.7231063422055741E+000	5.3858758056093183E+000	2.7699840548461383E+000	2.2049893788746092E-001	8.2797258733646881E+000	2.8113171889870099E+000	6.8805714972919851E-001	6.1102980530096740E-001 
230	9.3986739477207251E+006	2.1014918962537788E+001	-1.4850810374622121E+000	-5.4417122874321396E-007	3.7135345323118960E+000	5.3860313778776847E+000	2.7892054607676759E+000	1.8200615150162100E-001	8.2803237364905691E+000	2.8117613539124702E+000	6.8049791413631788E-001	6.1085308553921835E-001 
235	9.4061940724958666E+006	2.1010466617459375E+001	-1.4895333825406247E+000	-6.1969561925861002E-007	3.7041981446907406E+000	5.3860155060734343E+000	2.8078703001078629E+000	1.4458445087405389E-001	8.2814478382132499E+000	2.8130273765967315E+000	6.6779915858789218E-001	6.1063917287451253E-001 
240	9.4183053086474780E+006	2.1002207554458344E+001	-1.4977924455416556E+000	-7.2378931424351313E-007	3.6924258760370812E+000	5.3856778074678910E+000	2.8312459881124106E+000	9.7662323271352783E-002	8.2834542359917567E+000	2.8157673461138097E+000	6.4500159875374508E-001	6.1034844672855471E-001 
245	9.4359746078345999E+006	2.0987727749159696E+001	-1.5122722508403044E+000	-8.8998268497738383E-007	3.6771204311820691E+000	5.3849793273035536E+000	2.8615076377402660E+000	3.6839499868056375E-002	8.2863272441413329E+000	2.8196624919283271E+000	6.1268523714070666E-001	6.0986085406121349E-001 
250	9.4477438931662906E+006	2.0975501140493424E+001	-1.5244988595065756E+000	-1.1278611454109412E-006	3.6605554472406601E+000	5.3835588095070586E+000	2.8939273467248361E+000	-2.8252994376047658E-002	8.2882935232752200E+000	2.8223972682500609E+000	5.9120247514410873E-001	6.0927931122904200E-001 
255	9.4572211690260600E+006	2.0963165187036786E+001	-1.5368348129632139E+000	-1.4063373118429455E-006	3.6453728290820413E+000	5.3822501017638222E+000	2.9236382291704555E+000	-8.7930248396477839E-002	8.2899133182743050E+000	2.8247371180520990E+000	5.7408192524606982E-001	6.0856907673465255E-001 
260	9.4689904276753999E+006	2.0944443861840696E+001	-1.5555561381593037E+000	-1.7426602797081469E-006	3.6306856556327736E+000	5.3815063881229790E+000	2.9526407192485689E+000	-1.4632325206213312E-001	8.2918697633468330E+000	2.8275250034962069E+000	5.5375138759308873E-001	6.0753989525492746E-001 
265	9.4812812340771835E+006	2.0920574989148012E+001	-1.5794250108519883E+000	-2.0495479519289419E-006	3.6203488472468077E+000	5.3817947193024072E+000	2.9734585016102151E+000	-1.8845403313107059E-001	8.2939043856883572E+000	2.8304521298107725E+000	5.3299456314907312E-001	6.0658927715783950E-001 
270	9.4998766541477125E+006	2.0879516235412513E+001	-1.6204837645874868E+000	-2.3035029540004379E-006	3.6128141165894516E+000	5.3827323367420856E+000	2.9889967716447665E+000	-2.2038375774564509E-001	8.2973917606342855E+000	2.8362685271699370E+000	4.9999190413336547E-001	6.0558844579514326E-001 
275	9.5215368480580486E+006	2.0826769798177587E+001	-1.6732302018224132E+000	-2.5199107370189783E-006	3.6072447425630130E+000	5.3840285821819984E+000	3.0007836424175998E+000	-2.4505601469621907E-001	8.3013973593005126E+000	2.8429816847124312E+000	4.6335438517584682E-001	6.0458262735114709E-001 
280	9.5418667787178848E+006	2.0773557924622089E+001	-1.7264420753779106E+000	-2.6702716902892894E-006	3.6036532015290850E+000	5.3853993854963136E+000	3.0086521261426129E+000	-2.6190401356957888E-001	8.3049660623577601E+000	2.8487606607317226E+000	4.3217720172151153E-001	6.0369884804882756E-001 
285	9.5599174960191716E+006	2.0724183125398707E+001	-1.7758168746012934E+000	-2.7863457571758989E-006	3.6013572677297589E+000	5.3866981266288478E+000	3.0138933643075334E+000	-2.7341995400729913E-001	8.3086735604299484E+000	2.8556458725157774E+000	4.0273267799053730E-001	6.0292603380470355E-001 
290	9.5769874212467987E+006	2.0675914203647661E+001	-1.8240857963523389E+000	-2.8576477463436711E-006	3.5995047749998643E+000	5.3879171367745968E+000	3.0182078548401963E+000	-2.8306163490740899E-001	8.3119399023060296E+000	2.8614797858897685E+000	3.7743786862582551E-001	6.0235788084116537E-001 
295	9.5947675237955078E+006	2.0624173525632447E+001	-1.8758264743675532E+000	-2.9444256806774448E-006	3.5977385817157863E+000	5.3891586307939701E+000	3.0223609884180389E+000	-2.9245606937427232E-001	8.3158090628138766E+000	2.8691246556939332E+000	3.4950497405879422E-001	6.0155189623589067E-001 
300	9.6123727819638886E+006	2.0571431029650576E+001	-1.9285689703494242E+000	-3.0155958753213045E-006	3.5968068573241743E+000	5.3905046715763598E+000	3.0248974575924583E+000	-2.9864105779395583E-001	8.3189480459892380E+000	2.8746211232216559E+000	3.2746619329882232E-001	6.0082334627824585E-001 
305	9.6275251617803853E+006	2.0525466490072208E+001	-1.9745335099277916E+000	-3.0538034567518804E-006	3.5959161388790575E+000	5.3916352095169922E+000	3.0272441634530072E+000	-3.0430593721361621E-001	8.3230497173847571E+000	2.8837522586569286E+000	3.0132500868285228E-001	6.0018919078364896E-001 
310	9.6435053274496235E+006	2.0476311075718893E+001	-2.0236889242811067E+000	-3.0949184219543419E-006	3.5950843607916005E+000	5.3927288821376402E+000	3.0294545559382455E+000	-3.0976803974173395E-001	8.3261782738885515E+000	2.8897895343313138E+000	2.8165574920166020E-001	5.9949874230236444E-001 
315	9.6581266483044215E+006	2.0430514291545020E+001	-2.0694857084549803E+000	-3.1562680067415129E-006	3.5938628257985434E+000	5.3937141254933367E+000	3.0323902476022075E+000	-3.1661184264935405E-001	8.3305308884676865E+000	2.8999394544311636E+000	2.5739363079330596E-001	5.9882158075858893E-001 
320	9.6749091080149096E+006	2.0376995344237564E+001	-2.1230046557624362E+000	-3.2100344212383945E-006	3.5931128093959082E+000	5.3948562492120358E+000	3.0344613422668272E+000	-3.2189318489561908E-001	8.3345526869742415E+000	2.9086714781581806E+000	2.3607626805296353E-001	5.9793910993789112E-001 
325	9.6899452220946662E+006	2.0328428273613920E+001	-2.1715717263860803E+000	-3.2602331310696330E-006	3.5922091884388867E+000	5.3957560336897465E+000	3.0367184764197259E+000	-3.2744379769353815E-001	8.3384657100112705E+000	2.9175200242374459E+000	2.1704178689783010E-001	5.9705857307973931E-001 
330	9.6963236549416147E+006	2.0307566739404699E+001	-2.1924332605953012E+000	-3.2839303836115584E-006	3.5918453149258873E+000	5.3962049141235200E+000	3.0376706636626123E+000	-3.2979408472478394E-001	8.3401824725336056E+000	2.9214579929844411E+000	2.0889203345349275E-001	5.9655640617180561E-001 
335	9.7065961848259531E+006	2.0273688717420811E+001	-2.2263112825791893E+000	-3.3084534437221828E-006	3.5909403868227177E+000	5.3967848721157354E+000	3.0397704988650593E+000	-3.3471887027250607E-001	8.3432638083054851E+000	2.9288291573825025E+000	1.9511607642010520E-001	5.9574648190347534E-001 
340	9.7220581468352806E+006	2.0221989924030943E+001	-2.2780100759690569E+000	-3.3652325187589445E-006	3.5902012887392978E+000	5.3975969465766713E+000	3.0416547322623666E+000	-3.3959622145387353E-001	8.3469323175673829E+000	2.9370206986320397E+000	1.7982376096996538E-001	5.9427199086330862E-001 
345	9.7333339888894372E+006	2.0183682248583111E+001	-2.3163177514168893E+000	-3.4258996660532944E-006	3.5889999161174315E+000	5.3978381042675672E+000	3.0441780563515470E+000	-3.4546635881836257E-001	8.3511887579961392E+000	2.9478520982712220E+000	1.6318387835911727E-001	5.9191438764417947E-001 
350	9.7452644328371026E+006	2.0142299959585166E+001	-2.3577000404148336E+000	-3.5160992310743771E-006	3.5871182235186767E+000	5.3978875731398830E+000	3.0479661759852146E+000	-3.5393393935427320E-001	8.3550554334682481E+000	2.9574568010082318E+000	1.4915169419568361E-001	5.8898358156803676E-001 
355	9.7571477177543137E+006	2.0100057752413008E+001	-2.3999422475869920E+000	-3.5754920304519505E-006	3.5858854666705726E+000	5.3982209484599233E+000	3.0505983773414429E+000	-3.6011009601254285E-001	8.3590047746404412E+000	2.9673352431819744E+000	1.3621296869048855E-001	5.8519884886729290E-001 
360	9.7720140253293645E+006	2.0045950676465310E+001	-2.4540493235346901E+000	-3.7009097854880632E-006	3.5834773903302417E+000	5.3984075222132937E+000	3.0555078168987890E+000	-3.7109962295318455E-001	8.3640738047040877E+000	2.9802024426701181E+000	1.2093430606941977E-001	5.8058709926745466E-001 
365	9.7842586207291186E+006	1.9999891968308233E+001	-2.5001080316917665E+000	-3.8009642210223517E-006	3.5816769665809876E+000	5.3985647430087988E+000	3.0591872747950504E+000	-3.7945754639771062E-001	8.3687833202181299E+000	2.9924469676545495E+000	1.0816418156668367E-001	5.7645261731038866E-001 
370	9.7972914847265296E+006	1.9949607732976887E+001	-2.5503922670231134E+000	-3.9030826814287123E-006	3.5801134576102420E+000	5.3989356408972249E+000	3.0624997416807553E+000	-3.8717576932804698E-001	8.3741089616619302E+000	3.0065399370459676E+000	9.5055770102957113E-002	5.7196184593999821E-001 
375	9.8065540489553828E+006	1.9913075464620054E+001	-2.5869245353799464E+000	-3.9743455637860047E-006	3.5789461276571894E+000	5.3991543312566161E+000	3.0649437467665566E+000	-3.9285980052622904E-001	8.3784428083768905E+000	3.0182591502845244E+000	8.5303045487946400E-002	5.6875942369618260E-001 
380	9.8164377455467284E+006	1.9873371539566360E+001	-2.6266284604336398E+000	-4.0523166852107050E-006	3.5776929636026287E+000	5.3994709721393708E+000	3.0676083953170545E+000	-3.9905588531916603E-001	8.3827458483253992E+000	3.0298128708197445E+000	7.6873220740117806E-002	5.6563496779338518E-001 
385	9.8267594323205166E+006	1.9831156846974313E+001	-2.6688431530256871E+000	-4.1241913689832522E-006	3.5766942367767212E+000	5.3999731046148947E+000	3.0698569152066315E+000	-4.0447642756523405E-001	8.3882536000221215E+000	3.0450038890671149E+000	6.6711215756128886E-002	5.6233379701103825E-001 
390	9.8350710222035460E+006	1.9796612137118547E+001	-2.7033878628814527E+000	-4.1713192406261976E-006	3.5755208482299632E+000	5.4003394130370008E+000	3.0723868465112005E+000	-4.1029346530959315E-001	8.3925328874250447E+000	3.0567905879658532E+000	5.9985963572777523E-002	5.5965317960510208E-001 
395	9.8469445441505034E+006	1.9746423433615803E+001	-2.7535765663841971E+000	-4.2628743769487240E-006	3.5745494309048866E+000	5.4010507214453884E+000	3.0746853353655488E+000	-4.1599287172032051E-001	8.4000073682959080E+000	3.0778297764328060E+000	4.9204307052149523E-002	5.5594117958587785E-001 
400	9.8565739284439795E+006	1.9705093472973260E+001	-2.7949065270267397E+000	-4.3242853660969318E-006	3.5733786660719269E+000	5.4015063073708074E+000	3.0772546579941760E+000	-4.2204146325179831E-001	8.4060156548922116E+000	3.0947643293759568E+000	4.2290086178797780E-002	5.5277044812981613E-001 
405	9.8650093881430868E+006	1.9668231970566051E+001	-2.8317680294339489E+000	-4.3786610633014861E-006	3.5725526056914676E+000	5.4022636771515575E+000	3.0792854636454705E+000	-4.2691625208444767E-001	8.4133634848229235E+000	3.1160011462652499E+000	3.4177226607613381E-002	5.4978072165946457E-001 
410	9.8757385504289176E+006	1.9620411355066107E+001	-2.8795886449338930E+000	-4.4859071763239514E-006	3.5715034673312687E+000	5.4033251619982545E+000	3.0819144827892164E+000	-4.3323150375121716E-001	8.4226989452970145E+000	3.1430042008361330E+000	2.6428012458435846E-002	5.4592382423169916E-001 
415	9.8847241783528812E+006	1.9579773082533219E+001	-2.9202269174667812E+000	-4.5659752398651159E-006	3.5698912343169447E+000	5.4042111227949938E+000	3.0855819292162345E+000	-4.4146685072764530E-001	8.4348929290891732E+000	3.1790614776318620E+000	1.7841306689340527E-002	5.4232703373357305E-001 
420	9.8929760361374076E+006	1.9541446049478310E+001	-2.9585539505216900E+000	-4.6962621200611169E-006	3.5683294064075102E+000	5.4057696934168309E+000	3.0894848703460225E+000	-4.5012368930495344E-001	8.4517775873354815E+000	3.2296185477438226E+000	9.7999538163837420E-003	5.3862241121959908E-001 
425	9.8944782192337476E+006	1.9534320920094203E+001	-2.9656790799057973E+000	-4.7594157536767340E-006	3.5676590178074972E+000	5.4059188957378668E+000	3.0909002487065660E+000	-4.5311282574056144E-001	8.4559168184927547E+000	3.2420950993867881E+000	8.3569805136664722E-003	5.3781230267276303E-001 
430	9.8968975001322348E+006	1.9522748335268545E+001	-2.9772516647314546E+000	-4.7939443585382921E-006	3.5674336211049837E+000	5.4069236874988507E+000	3.0918534379920843E+000	-4.5527656667769656E-001	8.4640209199850869E+000	3.2665679132861976E+000	6.0513642371847675E-003	5.3588087971118903E-001 
435	9.9005714700704925E+006	1.9504975779461930E+001	-2.9950242205380704E+000	-4.8659148817270520E-006	3.5664065820481419E+000	5.4088276690919956E+000	3.0948595069023401E+000	-4.6168424503380223E-001	8.4830799476386947E+000	3.3244537743769320E+000	2.6069427510887898E-003	5.3262744622403568E-001 
440	9.9046285766673069E+006	1.9484897517896297E+001	-3.0151024821037034E+000	-5.0378371956860236E-006	3.5645748492995875E+000	5.4142454461433074E+000	3.1012318609251057E+000	-4.7487624250284394E-001	8.5659918000048041E+000	3.5808013506620648E+000	1.5148157067042534E-006	5.2857198169168873E-001 
445	9.9062630011765957E+006	1.9476624970926078E+001	-3.0233750290739216E+000	-4.8332850939910311E-006	3.5752156097295673E+000	5.4347645394976434E+000	3.0902098867423127E+000	-4.5301671822158157E-001	8.6308914648602553E+000	3.7881588405399400E+000	1.4322294939133324E-016	5.2651730281431741E-001 
450	9.9073351554654222E+006	1.9472212662448076E+001	-3.0277873375519242E+000	-3.7353467648010724E-006	3.5937731533903432E+000	5.4517173169691144E+000	3.0615711881564969E+000	-3.9583771891489739E-001	8.6698586722841000E+000	3.9156806029262445E+000	4.8374691623604365E-016	5.2503108341994875E-001 
455	9.9082683717322480E+006	1.9468939382128504E+001	-3.0310606178714963E+000	-3.4018671150912367E-006	3.6007832108613660E+000	5.4607771657868973E+000	3.0520809976233436E+000	-3.7693034891833183E-001	8.7014376400712177E+000	4.0225401637559983E+000	1.3522917997932370E-015	5.2376114263541651E-001 
460	9.9093692215290908E+006	1.9465296725783627E+001	-3.0347032742163726E+000	-3.2635587626433724E-006	3.6045653844964956E+000	5.4674734596915560E+000	3.0478647973054134E+000	-3.6857921277936717E-001	8.7324447298093322E+000	4.1373969683236682E+000	3.8368735780575646E-015	5.2205470786726493E-001 
465	9.9111421511354055E+006	1.9459656767305393E+001	-3.0403432326946067E+000	-3.1209854324811875E-006	3.6078713080441935E+000	5.4637527658042995E+000	3.0393926032663892E+000	-3.5176067727878307E-001	8.7794515274373364E+000	4.3482824957909312E+000	1.9719757648507915E-014	5.1847082018691237E-001 
470	9.9120430332976971E+006	1.9456909426966302E+001	-3.0430905730336981E+000	-3.0778158753722668E-006	3.6069033680680525E+000	5.4625396598180407E+000	3.0407219302255406E+000	-3.5448064980085070E-001	8.8124286786167936E+000	4.5506469881784382E+000	6.4461659948978397E-014	5.1652435701789101E-001 
475	9.9125000125130154E+006	1.9455478288140082E+001	-3.0445217118599182E+000	-3.1608336307501202E-006	3.6055676176029245E+000	5.4650293331227662E+000	3.0446382678081609E+000	-3.6234527035581565E-001	8.8488888134395847E+000	4.7917205014933115E+000	2.4102883813738024E-013	5.1550935048417579E-001 
480	9.9126956312446427E+006	1.9454858738177180E+001	-3.0451412618228204E+000	-3.1533227922093408E-006	3.6062627094159083E+000	5.4656715925076078E+000	3.0435692138746142E+000	-3.6022099259921414E-001	8.9508527540344591E+000	5.2786144830019959E+000	9.7557933009845916E-013	5.1504412321570436E-001 
485	9.9127121695740446E+006	1.9454806882607137E+001	-3.0451931173928628E+000	-3.0623999133324597E-006	3.6068574818329364E+000	5.4641885334074907E+000	3.0416381394904994E+000	-3.5636000141420060E-001	9.0205440654011557E+000	5.7241687581781777E+000	5.9395342855787862E-014	5.1500535534102543E-001 
490	9.9127139622931350E+006	1.9454801890496075E+001	-3.0451981095039251E+000	-2.3447500735198076E-006	3.6078668821716740E+000	5.4677471213745026E+000	3.0413986327965303E+000	-3.5588109946641089E-001	9.1187507780497761E+000	6.1872828612357171E+000	3.5275087720772588E-014	5.1500128176006543E-001 
495	9.9127141091526821E+006	1.9454801603953968E+001	-3.0451983960460325E+000	-1.5648156784854940E-006	3.6095032931898423E+000	5.4748833727453290E+000	3.0416939364456059E+000	-3.5647171316111403E-001	9.1851867813428534E+000	6.3530636111004792E+000	4.1011615753850122E-012	5.1500096155563835E-001 
500	9.9127141419258062E+006	1.9454801560631662E+001	-3.0451984393683382E+000	-1.2019395180603438E-006	3.6106376140416838E+000	5.4802303729926924E+000	3.0420987948656055E+000	-3.5728143096820791E-001	9.2080802945959928E+000	6.3560354697269243E+000	2.2412408589492988E-011	5.1500087508598924E-001 
505	9.9127141771885324E+006	1.9454801520464070E+001	-3.0451984795359301E+000	-1.1236061886499304E-006	3.6087220839164820E+000	5.4729953474294550E+000	3.0423123423343901E+000	-3.5770852680244863E-001	9.2143516098675313E+000	6.3380074256317505E+000	2.8125731464787919E-011	5.1500080859289687E-001 
510	9.9127142339795064E+006	1.9454801457860153E+001	-3.0451985421398469E+000	-1.0881116510624543E-006	3.6068635921119641E+000	5.4655799726939289E+000	3.0423216385756628E+000	-3.5772712068251783E-001	9.2180923827777406E+000	6.3873609238545948E+000	1.0727220912278743E-011	5.1500067802677962E-001 
515	9.9127143144748639E+006	1.9454801367503908E+001	-3.0451986324960920E+000	-1.2088447919442831E-006	3.6053379424358885E+000	5.4592203583348757E+000	3.0421931307482879E+000	-3.5747010704481336E-001	9.2060626727737525E+000	6.5281036484064661E+000	1.5236950976985354E-013	5.1500048216837335E-001 
520	9.9127143881254420E+006	1.9454801273798232E+001	-3.0451987262017681E+000	-1.2990464357032840E-006	3.6040429653063542E+000	5.4537365680483756E+000	3.0420411898641069E+000	-3.5716622736826681E-001	9.2007188162446454E+000	6.6312628915283538E+000	3.9069262434654632E-014	5.1500029703956962E-001 
525	9.9127144557541665E+006	1.9454801184043411E+001	-3.0451988159565886E+000	-1.2925238570692754E-006	3.6032355744429516E+000	5.4502391658888847E+000	3.0419072705111661E+000	-3.5689839066600493E-001	9.2009768855691920E+000	6.7082233762718317E+000	3.5473505976679763E-014	5.1500015702920254E-001 
530	9.9127145118958075E+006	1.9454801110330479E+001	-3.0451988896695212E+000	-1.3188514639597735E-006	3.6025785556962977E+000	5.4473445359637829E+000	3.0417739930419234E+000	-3.5663183737303145E-001	9.2001891936848139E+000	6.7585580320130934E+000	3.3281014321799712E-014	5.1500003036443553E-001 
535	9.9127145506254993E+006	1.9454801059583900E+001	-3.0451989404160997E+000	-1.3078754674732820E-006	3.6021767935919944E+000	5.4454966064307735E+000	3.0416535524840245E+000	-3.5639095739006277E-001	9.2010090051632627E+000	6.7912287671723579E+000	3.5389420738923837E-014	5.1499993796698995E-001 
540	9.9127145638634060E+006	1.9454801042203950E+001	-3.0451989577960497E+000	-1.3167285435106100E-006	3.6019236012088949E+000	5.4443816983126334E+000	3.0416024831911534E+000	-3.5628881919229799E-001	9.2004445562817292E+000	6.7995651781763256E+000	3.3971769287497892E-014	5.1499990730271494E-001 
545	9.9127145851831827E+006	1.9454801014347616E+001	-3.0451989856523838E+000	-1.2942442604006816E-006	3.6017023607022796E+000	5.4433234427515842E+000	3.0415158364238604E+000	-3.5611552627955534E-001	9.2033654528711430E+000	6.8211545510281804E+000	4.2305599542615805E-014	5.1499987401031955E-001 
550	9.9127146195189003E+006	1.9454800972355738E+001	-3.0451990276442622E+000	-1.1545231724419067E-006	3.6015416025673681E+000	5.4423837810029188E+000	3.0413675218193497E+000	-3.5581889800793010E-001	9.2197717132527153E+000	6.8752417252258411E+000	1.2597781736094500E-013	5.1499979629179116E-001 
555	9.9127146501573939E+006	1.9454800944409261E+001	-3.0451990555907393E+000	-5.4806699208773822E-007	3.6015085677191956E+000	5.4419244141795735E+000	3.0412039081040221E+000	-3.5549167120113051E-001	9.2641516010788809E+000	6.9207733559562081E+000	2.1281751040059092E-012	5.1499973615041417E-001 
560	9.9127146594688315E+006	1.9454800940422611E+001	-3.0451990595773886E+000	-3.3140182873169430E-007	3.6016253369270861E+000	5.4423226284957522E+000	3.0411694768463309E+000	-3.5542280877474336E-001	9.2823137351226617E+000	6.9040042982609968E+000	6.3641224219736639E-012	5.1499970050641131E-001 
565	9.9127146737181116E+006	1.9454800938626413E+001	-3.0451990613735873E+000	-1.2908650484309339E-008	3.6016748527264451E+000	5.4425641070358273E+000	3.0411911845176505E+000	-3.5546622415747947E-001	9.3038075209705724E+000	6.7580945471078682E+000	2.8852584456114151E-011	5.1499966942006203E-001 
570	9.9127146837724764E+006	1.9454800938626413E+001	-3.0451990613735873E+000	0.0000000000000000E+000	3.6016734614875023E+000	5.4425794429440133E+000	3.0412016349496280E+000	-3.5548712502143448E-001	9.3061638967709364E+000	6.6661538054771441E+000	5.0545062541898338E-011	5.1499964905189299E-001 
575	9.9127146956572402E+006	1.9454800938626413E+001	-3.0451990613735873E+000	0.0000000000000000E+000	3.6016672748659646E+000	5.4425224951547664E+000	3.0411855342980796E+000	-3.5545492371833759E-001	9.3059185981854071E+000	6.6366541740551792E+000	4.8120592191013901E-011	5.1499963245460190E-001 
580	9.9127147122911215E+006	1.9454800938626413E+001	-3.0451990613735873E+000	0.0000000000000000E+000	3.6016883886772564E+000	5.4425465986493942E+000	3.0411553584228104E+000	-3.5539457196779989E-001	9.3100492072777374E+000	6.6144822739490925E+000	6.2230930575722083E-011	5.1499959756550362E-001 
585	9.9127147320969943E+006	1.9454800938626413E+001	-3.0451990613735873E+000	0.0000000000000000E+000	3.6017490926693747E+000	5.4427175399683181E+000	3.0411194210980357E+000	-3.5532269731825017E-001	9.3139605906058289E+000	6.6028393057113473E+000	6.9858112924281523E-011	5.1499955899944150E-001 
590	9.9127147504322920E+006	1.9454800938626413E+001	-3.0451990613735873E+000	0.0000000000000000E+000	3.6018442955550394E+000	5.4430359434673097E+000	3.0410882170762026E+000	-3.5526028927458431E-001	9.3202938707084524E+000	6.5887910171228725E+000	7.0389093805379765E-011	5.1499952151463224E-001 
595	9.9127147644273266E+006	1.9454800938626413E+001	-3.0451990613735873E+000	0.0000000000000000E+000	3.6019581792289306E+000	5.4434697212108212E+000	3.0410773386001755E+000	-3.5523853232252989E-001	9.3211250404524488E+000	6.5752078190703118E+000	9.7380264623160018E-011	5.1499948574737686E-001 
600	9.9127147848055232E+006	1.9454800938626413E+001	-3.0451990613735873E+000	0.0000000000000000E+000	3.6020844957533211E+000	5.4439540434647196E+000	3.0410668666783440E+000	-3.5521758847886686E-001	9.3226770464039461E+000	6.5526931592235513E+000	9.2970690526691565E-011	5.1499944466398950E-001 
605	9.9127147995595876E+006	1.9454800938626413E+001	-3.0451990613735873E+000	0.0000000000000000E+000	3.6022093482299242E+000	5.4444378982961705E+000	3.0410590891408624E+000	-3.5520203340390377E-001	9.3284499803974885E+000	6.5510248527717172E+000	9.8355588842778650E-011	5.1499940462323301E-001 
610	9.9127148178931493E+006	1.9454800938626413E+001	-3.0451990613735873E+000	0.0000000000000000E+000	3.6023539137219522E+000	5.4449991841432803E+000	3.0410506010803631E+000	-3.5518505728290467E-001	9.3358955815611520E+000	6.5482296557723689E+000	9.4349531969740522E-011	5.1499937829017861E-001 
615	9.9127148336419445E+006	1.9454800938626413E+001	-3.0451990613735873E+000	0.0000000000000000E+000	3.6025050098607716E+000	5.4455949209882810E+000	3.0410462772252242E+000	-3.5517640957262692E-001	9.3446005498997700E+000	6.5534719961108756E+000	9.4641510856785214E-011	5.1499934875905518E-001 
620	9.9127148439501617E+006	1.9454800938626413E+001	-3.0451990613735873E+000	0.0000000000000000E+000	3.6026416613617847E+000	5.4461076935750068E+000	3.0410293605165606E+000	-3.5514257615530009E-001	9.3535545560657809E+000	6.5686255456052516E+000	1.1819054493649823E-010	5.1499932144522576E-001 
625	9.9127148512870669E+006	1.9454800938626413E+001	-3.0451990613735873E+000	0.0000000000000000E+000	3.6027695847254080E+000	5.4466110080943153E+000	3.0410251710489682E+000	-3.5513419722011502E-001	9.3608700177734878E+000	6.5821640175548541E+000	1.6455323786542000E-010	5.1499930241266090E-001 
630	9.9127148578660283E+006	1.9454800938626413E+001	-3.0451990613735873E+000	0.0000000000000000E+000	3.6028099726522749E+000	5.4467308397531582E+000	3.0410043110246563E+000	-3.5509247717149112E-001	9.3726523154903454E+000	6.6145266996010879E+000	3.0532866026148890E-010	5.1499928629331337E-001 
635	9.9127148623282202E+006	1.9454800938626413E+001	-3.0451990613735873E+000	0.0000000000000000E+000	3.6029054930070394E+000	5.4470170345741664E+000	3.0409563677256308E+000	-3.5499659057344007E-001	9.3888807938873011E+000	6.6713751144770344E+000	7.8476428347804707E-010	5.1499927738226092E-001 
640	9.9127148649405576E+006	1.9454800938626413E+001	-3.0451990613735873E+000	0.0000000000000000E+000	3.6029902616605129E+000	5.4472629139950737E+000	3.0409097701291370E+000	-3.5490339538045290E-001	9.4080381432623579E+000	6.7618106621439162E+000	2.4941891348941275E-009	5.1499926835136545E-001 
645	9.9127148658160176E+006	1.9454800938626413E+001	-3.0451990613735873E+000	0.0000000000000000E+000	3.6030502492065981E+000	5.4474593805015665E+000	3.0408880282902140E+000	-3.5485991170260711E-001	9.4159197123770468E+000	6.8233514153601513E+000	3.8256105914717271E-009	5.1499926452080103E-001 
650	9.9127148662427757E+006	1.9454800938626413E+001	-3.0451990613735873E+000	0.0000000000000000E+000	3.6030983221675403E+000	5.4476243108001716E+000	3.0408743475176316E+000	-3.5483255015744158E-001	9.4172266458229590E+000	6.8662409786914784E+000	3.7734918708026657E-009	5.1499926441155830E-001 
655	9.9127148667327873E+006	1.9454800938626413E+001	-3.0451990613735873E+000	0.0000000000000000E+000	3.6031529654391474E+000	5.4478040432025807E+000	3.0408549271756220E+000	-3.5479370947342315E-001	9.4175803486265330E+000	6.9216898352835408E+000	3.3307656203203865E-009	5.1499926432968346E-001 
660	9.9127148673618734E+006	1.9454800938626413E+001	-3.0451990613735873E+000	0.0000000000000000E+000	3.6032097704822905E+000	5.4479617743025859E+000	3.0408201826393388E+000	-3.5472422040085649E-001	9.4208174838977694E+000	6.9975424554312493E+000	3.4416395140894724E-009	5.1499926055325429E-001 
665	9.9127148678509519E+006	1.9454800938626413E+001	-3.0451990613735873E+000	0.0000000000000000E+000	3.6032551729667146E+000	5.4480777365981004E+000	3.0407873588182470E+000	-3.5465857275867274E-001	9.4257287104499365E+000	7.0601239089211711E+000	4.1589708022440947E-009	5.1499926027362508E-001 
670	9.9127148682550602E+006	1.9454800938626413E+001	-3.0451990613735873E+000	0.0000000000000000E+000	3.6032983928440077E+000	5.4481958548072633E+000	3.0407599781682424E+000	-3.5460381145866354E-001	9.4310225988920902E+000	7.1150835723481647E+000	5.2483430604602748E-009	5.1499926012701569E-001 
675	9.9127148686087523E+006	1.9454800938626413E+001	-3.0451990613735873E+000	0.0000000000000000E+000	3.6033436530227894E+000	5.4483191932146955E+000	3.0407311270143951E+000	-3.5454610915096929E-001	9.4369080444027489E+000	7.1655729332527009E+000	6.9456035420440428E-009	5.1499926003733321E-001 
680	9.9127148689283226E+006	1.9454800938626413E+001	-3.0451990613735873E+000	0.0000000000000000E+000	3.6033870082484056E+000	5.4484376728464001E+000	3.0407036563790157E+000	-3.5449116788020990E-001	9.4428739218381832E+000	7.2132542184098609E+000	9.2311084688594275E-009	5.1499925996176410E-001 
685	9.9127148692285065E+006	1.9454800938626413E+001	-3.0451990613735873E+000	0.0000000000000000E+000	3.6034605704962557E+000	5.4486818393027132E+000	3.0406786151114726E+000	-3.5444108534512425E-001	9.4487427652270028E+000	7.2586952546048185E+000	1.2079939351409164E-008	5.1499925936183755E-001 
690	9.9127148694663495E+006	1.9454800938626413E+001	-3.0451990613735873E+000	0.0000000000000000E+000	3.6034749597725089E+000	5.4487099486703094E+000	3.0406638912427630E+000	-3.5441163760770455E-001	9.4527311662157025E+000	7.2919418493903851E+000	1.4191745806818510E-008	5.1499925912411704E-001 
695	9.9127148696276601E+006	1.9454800938626413E+001	-3.0451990613735873E+000	0.0000000000000000E+000	3.6035021793280153E+000	5.4488089044527728E+000	3.0406589300229823E+000	-3.5440171516814334E-001	9.4540097835791510E+000	7.3106157654850081E+000	1.4406635498247979E-008	5.1499925888076015E-001 
700	9.9127148698411901E+006	1.9454800938626413E+001	-3.0451990613735873E+000	0.0000000000000000E+000	3.6035420334207511E+000	5.4489829288171894E+000	3.0406662340197190E+000	-3.5441632316161692E-001	9.4523793967314447E+000	7.3258973982975650E+000	1.1998616565423080E-008	5.1499925887834075E-001 
705	9.9127148699150719E+006	1.9454800938626413E+001	-3.0451990613735873E+000	0.0000000000000000E+000	3.6035621674906455E+000	5.4490716118247304E+000	3.0406703073837011E+000	-3.5442446988958098E-001	9.4517037244541982E+000	7.3306659886934469E+000	1.1209247952568421E-008	5.1499925886397480E-001 
710	9.9127148700143043E+006	1.9454800938626413E+001	-3.0451990613735873E+000	0.0000000000000000E+000	3.6035817002765733E+000	5.4491704137846169E+000	3.0406806427917892E+000	-3.5444514070575744E-001	9.4493448982693184E+000	7.3329998891718695E+000	9.3613253995258962E-009	5.1499925831222304E-001 
715	9.9127148701741174E+006	1.9454800938626413E+001	-3.0451990613735873E+000	0.0000000000000000E+000	3.6036090600314719E+000	5.4493164694510074E+000	3.0406989511151861E+000	-3.5448175735255111E-001	9.4453337141643026E+000	7.3355874787423732E+000	6.9389379624052593E-009	5.1499925771557664E-001 
720	9.9127148704314958E+006	1.9454800938626413E+001	-3.0451990613735873E+000	0.0000000000000000E+000	3.6036464173407143E+000	5.4495116233517065E+000	3.0407218134470524E+000	-3.5452748201628309E-001	9.4401925642398226E+000	7.3416181675444507E+000	4.6870136820514515E-009	5.1499925766278110E-001 
725	9.9127148708460070E+006	1.9454800938626413E+001	-3.0451990613735873E+000	0.0000000000000000E+000	3.6036858763644499E+000	5.4497252172182602E+000	3.0407496923328563E+000	-3.5458323978789169E-001	9.4345973141146686E+000	7.3548701854550425E+000	2.9895446466780599E-009	5.1499925764870591E-001 
730	9.9127148715135828E+006	1.9454800938626413E+001	-3.0451990613735873E+000	0.0000000000000000E+000	3.6037238039681623E+000	5.4499429519761362E+000	3.0407827045043692E+000	-3.5464926413091746E-001	9.4295745261466877E+000	7.3802494370141334E+000	1.9105427972436282E-009	5.1499925739794805E-001 
735	9.9127148724544775E+006	1.9454800938626413E+001	-3.0451990613735873E+000	0.0000000000000000E+000	3.6037506558779118E+000	5.4501049551263883E+000	3.0408100022599980E+000	-3.5470385964217499E-001	9.4265396032808333E+000	7.4183462203747803E+000	1.3580531669579365E-009	5.1499925726160301E-001 
740	9.9127148737137653E+006	1.9454800938626413E+001	-3.0451990613735873E+000	0.0000000000000000E+000	3.6037700041460514E+000	5.4502296361830034E+000	3.0408336462520262E+000	-3.5475114762623100E-001	9.4260416793856887E+000	7.4695068780157028E+000	1.1188015424272547E-009	5.1499925386232248E-001 
745	9.9127148748895228E+006	1.9454800938626413E+001	-3.0451990613735873E+000	0.0000000000000000E+000	3.6037789790132471E+000	5.4502778974284958E+000	3.0408398271403803E+000	-3.5476350940293910E-001	9.4285011736067172E+000	7.5193471260269202E+000	1.1513159488721945E-009	5.1499924737722358E-001 
750	9.9127148760045636E+006	1.9454800938626413E+001	-3.0451990613735873E+000	0.0000000000000000E+000	3.6037838811136780E+000	5.4502825461145532E+000	3.0408323472825480E+000	-3.5474854968727509E-001	9.4336591787946649E+000	7.5713341378737020E+000	1.4306774357628871E-009	5.1499924483635184E-001 
755	9.9127148763406798E+006	1.9454800938626413E+001	-3.0451990613735873E+000	0.0000000000000000E+000	3.6037883382302640E+000	5.4502972484299512E+000	3.0408307842070736E+000	-3.5474542353632632E-001	9.4350634838598300E+000	7.5862023810855987E+000	1.5120519278168560E-009	5.1499924483099679E-001 
760	9.9127148767921217E+006	1.9454800938626413E+001	-3.0451990613735873E+000	0.0000000000000000E+000	3.6037942598576511E+000	5.4502967103326734E+000	3.0408186719036618E+000	-3.5472119892950266E-001	9.4388389926708900E+000	7.6110491537432434E+000	1.8366441762974376E-009	5.1499924435133404E-001 
765	9.9127148773380443E+006	1.9454800938626413E+001	-3.0451990613735873E+000	0.0000000000000000E+000	3.6038020300439131E+000	5.4502455061068114E+000	3.0407775294182064E+000	-3.5463891395859154E-001	9.4483527916766139E+000	7.6541748647702299E+000	3.1401008497456029E-009	5.1499924399649277E-001 
770	9.9127148774620313E+006	1.9454800938626413E+001	-3.0451990613735873E+000	0.0000000000000000E+000	3.6038077700517608E+000	5.4502450725059264E+000	3.0407658326020677E+000	-3.5461552032631422E-001	9.4510287637240538E+000	7.6652713304366644E+000	3.6455464342386750E-009	5.1499924357818871E-001 
775	9.9127148776285592E+006	1.9454800938626413E+001	-3.0451990613735873E+000	0.0000000000000000E+000	3.6038229238123134E+000	5.4502522355377083E+000	3.0407391065968530E+000	-3.5456206831588438E-001	9.4570857699753397E+000	7.6863078289034679E+000	5.1499248550718958E-009	5.1499924318160217E-001 
780	9.9127148778156396E+006	1.9454800938626413E+001	-3.0451990613735873E+000	0.0000000000000000E+000	3.6038414857652996E+000	5.4502533973352580E+000	3.0407025635896558E+000	-3.5448898230149090E-001	9.4658927657901906E+000	7.7131967667776458E+000	8.3628998779134469E-009	5.1499924300444577E-001 
785	9.9127148779330160E+006	1.9454800938626413E+001	-3.0451990613735873E+000	0.0000000000000000E+000	3.6038543906091789E+000	5.4502606804089497E+000	3.0406803954387436E+000	-3.5444464599966635E-001	9.4728556447993046E+000	7.7311336871349843E+000	1.1986082916214939E-008	5.1499924271238406E-001 
790	9.9127148780380096E+006	1.9454800938626413E+001	-3.0451990613735873E+000	0.0000000000000000E+000	3.6038741306988920E+000	5.4502840843244256E+000	3.0406526172170563E+000	-3.5438908955629156E-001	9.4820416822783677E+000	7.7521141490683023E+000	1.8823954408013374E-008	5.1499924238983985E-001 
795	9.9127148781236634E+006	1.9454800938626413E+001	-3.0451990613735873E+000	0.0000000000000000E+000	3.6038924663487979E+000	5.4502938913167611E+000	3.0406208494134117E+000	-3.5432555394900189E-001	9.4932530401754072E+000	7.7741836182724189E+000	3.1238683687003119E-008	5.1499924204507108E-001 
800	9.9127148781541884E+006	1.9454800938626413E+001	-3.0451990613735873E+000	0.0000000000000000E+000	3.6038970489506958E+000	5.4502931925190259E+000	3.0406113348107482E+000	-3.5430652474367508E-001	9.4982388242185483E+000	7.7830108734641517E+000	3.8357909830020832E-008	5.1499924178934486E-001 
805	9.9127148781670723E+006	1.9454800938626413E+001	-3.0451990613735873E+000	0.0000000000000000E+000	3.6039003052991898E+000	5.4502937727050256E+000	3.0406051122067592E+000	-3.5429407953569686E-001	9.5005432284039628E+000	7.7870689881230692E+000	4.2091818155808268E-008	5.1499924175665668E-001 
810	9.9127148781874850E+006	1.9454800938626413E+001	-3.0451990613735873E+000	0.0000000000000000E+000	3.6039057216835464E+000	5.4502955520457750E+000	3.0405951691084212E+000	-3.5427419333902149E-001	9.5043937971350996E+000	7.7935192936291822E+000	4.9053186810327505E-008	5.1499924172621780E-001 
815	9.9127148782173116E+006	1.9454800938626413E+001	-3.0451990613735873E+000	0.0000000000000000E+000	3.6039150081951172E+000	5.4503041255233002E+000	3.0405808828240426E+000	-3.5424562077026378E-001	9.5106358589116855E+000	7.8026357975894891E+000	6.3402448642114579E-008	5.1499924154485444E-001 
820	9.9127148782499656E+006	1.9454800938626413E+001	-3.0451990613735873E+000	0.0000000000000000E+000	3.6039254785571928E+000	5.4503145087641061E+000	3.0405651337202939E+000	-3.5421412256276624E-001	9.5202359902941840E+000	7.8116369189015433E+000	1.0157694432794656E-007	5.1499924154483867E-001 
825	9.9127148782762308E+006	1.9454800938626413E+001	-3.0451990613735873E+000	0.0000000000000000E+000	3.6039337707358716E+000	5.4503230521869757E+000	3.0405528210743715E+000	-3.5418949727092169E-001	9.5339190862011272E+000	7.8154947100143701E+000	2.3145008108039274E-007	5.1499924140599296E-001 
830	9.9127148783013057E+006	1.9454800938626413E+001	-3.0451990613735873E+000	0.0000000000000000E+000	3.6039415391661866E+000	5.4503315913960799E+000	3.0405415538182932E+000	-3.5416696275876497E-001	9.5446883745903737E+000	7.8172596321393941E+000	4.5136405342305645E-007	5.1499924125292595E-001 
835	9.9127148783050682E+006	1.9454800938626413E+001	-3.0451990613735873E+000	0.0000000000000000E+000	3.6039405016276240E+000	5.4503319099186767E+000	3.0405437881567168E+000	-3.5417143143561219E-001	9.5462060983896979E+000	7.8165898097419522E+000	4.9928085900590620E-007	5.1499924123724872E-001 
840	9.9127148783098832E+006	1.9454800938626413E+001	-3.0451990613735873E+000	0.0000000000000000E+000	3.6039423364791063E+000	5.4503343773094111E+000	3.0405413521491194E+000	-3.5416655942041780E-001	9.5484248837768266E+000	7.8158710534113025E+000	5.7886679406866675E-007	5.1499924121720053E-001 
845	9.9127148783176355E+006	1.9454800938626413E+001	-3.0451990613735873E+000	0.0000000000000000E+000	3.6039442011694995E+000	5.4503363874718289E+000	3.0405386278495419E+000	-3.5416111082126250E-001	9.5521129084707557E+000	7.8136172947298892E+000	7.3566229065243095E-007	5.1499924114774065E-001 
850	9.9127148783293087E+006	1.9454800938626413E+001	-3.0451990613735873E+000	0.0000000000000000E+000	3.6039461192439211E+000	5.4503405184859774E+000	3.0405368572077722E+000	-3.5415756953772332E-001	9.5582206578579605E+000	7.8069640602355754E+000	1.1091543494948004E-006	5.1499924106603134E-001 
855	9.9127148783361353E+006	1.9454800938626413E+001	-3.0451990613735873E+000	0.0000000000000000E+000	3.6039478291056026E+000	5.4503448278027955E+000	3.0405355921428199E+000	-3.5415503940781839E-001	9.5625603975919979E+000	7.8015027509000605E+000	1.4923449205657153E-006	5.1499924106589534E-001 
860	9.9127148783425745E+006	1.9454800938626413E+001	-3.0451990613735873E+000	0.0000000000000000E+000	3.6039477319244200E+000	5.4503476178656847E+000	3.0405371815366302E+000	-3.5415821819543880E-001	9.5663223933685462E+000	7.7925562244933992E+000	1.9861001706839231E-006	5.1499924106571671E-001 
865	9.9127148783477861E+006	1.9454800938626413E+001	-3.0451990613735873E+000	0.0000000000000000E+000	3.6039467362381519E+000	5.4503495777016271E+000	3.0405401528271367E+000	-3.5416416077645213E-001	9.5689089685841360E+000	7.7823998455625771E+000	2.4421955073573738E-006	5.1499924106558537E-001 
870	9.9127148783526495E+006	1.9454800938626413E+001	-3.0451990613735873E+000	0.0000000000000000E+000	3.6039451390591317E+000	5.4503521911954573E+000	3.0405446539320917E+000	-3.5417316298636226E-001	9.5710376553573919E+000	7.7713944919361868E+000	2.9225535097430207E-006	5.1499924103986350E-001 
875	9.9127148783575259E+006	1.9454800938626413E+001	-3.0451990613735873E+000	0.0000000000000000E+000	3.6039426883252896E+000	5.4503531154759628E+000	3.0405500175400282E+000	-3.5418389020223523E-001	9.5728206722383788E+000	7.7588517241243276E+000	3.4259935881412304E-006	5.1499924102280425E-001 
880	9.9127148783626705E+006	1.9454800938626413E+001	-3.0451990613735873E+000	0.0000000000000000E+000	3.6039404575191605E+000	5.4503552007739255E+000	3.0405555218012683E+000	-3.5419489872471510E-001	9.5741918999480866E+000	7.7444595072215803E+000	3.9334184898755474E-006	5.1499924100756955E-001 
885	9.9127148783678766E+006	1.9454800938626413E+001	-3.0451990613735873E+000	0.0000000000000000E+000	3.6039379804465459E+000	5.4503581649194635E+000	3.0405619580192664E+000	-3.5420777116071200E-001	9.5750925887928471E+000	7.7294616933112943E+000	4.4054445206284467E-006	5.1499924100738148E-001 
890	9.9127148783746865E+006	1.9454800938626413E+001	-3.0451990613735873E+000	0.0000000000000000E+000	3.6039340280346139E+000	5.4503609340417745E+000	3.0405712474042854E+000	-3.5422634993074992E-001	9.5755839495733870E+000	7.7095755954440550E+000	4.8559143616845562E-006	5.1499924093276406E-001 
895	9.9127148783856537E+006	1.9454800938626413E+001	-3.0451990613735873E+000	0.0000000000000000E+000	3.6039301167532396E+000	5.4503714143180249E+000	3.0405843101051588E+000	-3.5425247533249682E-001	9.5754985375238562E+000	7.6799736072291722E+000	5.3179670376779909E-006	5.1499924090696692E-001 
900	9.9127148784033190E+006	1.9454800938626413E+001	-3.0451990613735873E+000	0.0000000000000000E+000	3.6039267062069116E+000	5.4503922935730129E+000	3.0406015708253102E+000	-3.5428699677279962E-001	9.5742215522359349E+000	7.6401081314273984E+000	5.5678860774813899E-006	5.1499924075988024E-001 
905	9.9127148784317654E+006	1.9454800938626413E+001	-3.0451990613735873E+000	0.0000000000000000E+000	3.6039298794234726E+000	5.4504443307922115E+000	3.0406212430017878E+000	-3.5432634112575417E-001	9.5718810149712663E+000	7.5934840021358934E+000	5.5509661796423662E-006	5.1499924061370916E-001 
910	9.9127148784775771E+006	1.9454800938626413E+001	-3.0451990613735873E+000	0.0000000000000000E+000	3.6039454271451610E+000	5.4505415376252158E+000	3.0406387509749120E+000	-3.5436135707200300E-001	9.5689826345011841E+000	7.5447601219421090E+000	5.3611877350203183E-006	5.1499924061218538E-001 
915	9.9127148785513584E+006	1.9454800938626413E+001	-3.0451990613735873E+000	0.0000000000000000E+000	3.6039742700206103E+000	5.4506822994779975E+000	3.0406514461504051E+000	-3.5438674742298909E-001	9.5668669707471246E+000	7.4991540988194050E+000	5.3917351873067990E-006	5.1499923983505580E-001 
920	9.9127148786548395E+006	1.9454800938626413E+001	-3.0451990613735873E+000	0.0000000000000000E+000	3.6040034183297398E+000	5.4508157631842762E+000	3.0406598813852850E+000	-3.5440361789274916E-001	9.5666610038332323E+000	7.4630293025500665E+000	5.9745700900778822E-006	5.1499923952898086E-001 
925	9.9127148787392359E+006	1.9454800938626413E+001	-3.0451990613735873E+000	0.0000000000000000E+000	3.6040199288182753E+000	5.4508803488071269E+000	3.0406591532196403E+000	-3.5440216156145909E-001	9.5676181320009022E+000	7.4438841316555715E+000	6.7779677767015721E-006	5.1499923931262592E-001 
930	9.9127148788248785E+006	1.9454800938626413E+001	-3.0451990613735873E+000	0.0000000000000000E+000	3.6040310084096725E+000	5.4509152727951768E+000	3.0406544560308699E+000	-3.5439276718391871E-001	9.5692597550845040E+000	7.4306106181999771E+000	7.9065664325454079E-006	5.1499923930957670E-001 
935	9.9127148789024036E+006	1.9454800938626413E+001	-3.0451990613735873E+000	0.0000000000000000E+000	3.6040364411643466E+000	5.4509313267313519E+000	3.0406516174896083E+000	-3.5438709010139541E-001	9.5720286315639100E+000	7.4238652027025287E+000	9.7468204692656236E-006	5.1499923895783772E-001 
940	9.9127148789787106E+006	1.9454800938626413E+001	-3.0451990613735873E+000	0.0000000000000000E+000	3.6040420430087807E+000	5.4509420948766651E+000	3.0406457978733972E+000	-3.5437545086897282E-001	9.5743695928582664E+000	7.4169762168395712E+000	1.1696321797493340E-005	5.1499923875298959E-001 
945	9.9127148790606018E+006	1.9454800938626413E+001	-3.0451990613735873E+000	0.0000000000000000E+000	3.6040480530715842E+000	5.4509473679080012E+000	3.0406364142634583E+000	-3.5435668364909573E-001	9.5777692415420663E+000	7.4146772288720673E+000	1.4873340720881084E-005	5.1499923874700815E-001 
950	9.9127148791467194E+006	1.9454800938626413E+001	-3.0451990613735873E+000	0.0000000000000000E+000	3.6040552092769675E+000	5.4509461079847918E+000	3.0406214718910869E+000	-3.5432679890435220E-001	9.5824745270666263E+000	7.4179926615834875E+000	2.0366860023705857E-005	5.1499923874352194E-001 
955	9.9127148792460281E+006	1.9454800938626413E+001	-3.0451990613735873E+000	0.0000000000000000E+000	3.6040660454144651E+000	5.4509348531920603E+000	3.0405941722197265E+000	-3.5427219956163197E-001	9.5910772532967616E+000	7.4359384875417351E+000	3.5252585600556525E-005	5.1499923873866160E-001 
960	9.9127148793599792E+006	1.9454800938626413E+001	-3.0451990613735873E+000	0.0000000000000000E+000	3.6040819958309385E+000	5.4508918875057253E+000	3.0405407885436113E+000	-3.5416543220940183E-001	9.6025998744421219E+000	7.4969032533095943E+000	7.5037479566028226E-005	5.1499923867437813E-001 
965	9.9127148794241454E+006	1.9454800938626413E+001	-3.0451990613735873E+000	0.0000000000000000E+000	3.6040928862038291E+000	5.4508548577738907E+000	3.0405004929319137E+000	-3.5408484098600568E-001	9.6218757167474998E+000	7.5461905842899748E+000	1.4372414998070504E-004	5.1499923778433254E-001 
970	9.9127148794589378E+006	1.9454800938626413E+001	-3.0451990613735873E+000	0.0000000000000000E+000	3.6041074966345024E+000	5.4508350710837554E+000	3.0404613787254999E+000	-3.5400661257317884E-001	9.6344788397839700E+000	7.6007588981023506E+000	3.3232744158257800E-004	5.1499923775586243E-001 
975	9.9127148794950694E+006	1.9454800938626413E+001	-3.0451990613735873E+000	0.0000000000000000E+000	3.6041217262825667E+000	5.4508050366959466E+000	3.0404179022354674E+000	-3.5391965959311317E-001	9.6443798884084249E+000	7.6768502381608323E+000	4.3590853107752022E-004	5.1499923689920113E-001 
980	9.9127148795282263E+006	1.9454800938626413E+001	-3.0451990613735873E+000	0.0000000000000000E+000	3.6041337478449487E+000	5.4507746359327376E+000	3.0403786587290988E+000	-3.5384117258037612E-001	9.6537886445883903E+000	7.7495768565973639E+000	5.0326828242575690E-004	5.1499923687339155E-001 
985	9.9127148795462698E+006	1.9454800938626413E+001	-3.0451990613735873E+000	0.0000000000000000E+000	3.6041387066358759E+000	5.4507561610916166E+000	3.0403595037266831E+000	-3.5380286257554461E-001	9.6579355040712809E+000	7.7927361268570774E+000	5.3947490966603224E-004	5.1499923668650804E-001 
990	9.9127148795654606E+006	1.9454800938626413E+001	-3.0451990613735873E+000	0.0000000000000000E+000	3.6041460647865171E+000	5.4507383342053481E+000	3.0403358739822659E+000	-3.5375560308671083E-001	9.6664731039261937E+000	7.8374355963378921E+000	6.8173290269613745E-004	5.1499923668589542E-001 
995	9.9127148795881085E+006	1.9454800938626413E+001	-3.0451990613735873E+000	0.0000000000000000E+000	3.6041564374984389E+000	5.4507229995841628E+000	3.0403074612478300E+000	-3.5369877761783836E-001	9.6740714283971059E+000	7.8972939010927208E+000	7.7999508254028907E-004	5.1499923661836300E-001 
1000	9.9127148796040919E+006	1.9454800938626413E+001	-3.0451990613735873E+000	0.0000000000000000E+000	3.6041628146180669E+000	5.4507118591828450E+000	3.0402891368079148E+000	-3.5366212873800856E-001	9.6794531142412890E+000	7.9405050567281394E+000	8.5346790762569119E-004	5.1499923652481439E-001 
1005	9.9127148796188310E+006	1.9454800938626413E+001	-3.0451990613735873E+000	0.0000000000000000E+000	3.6041688699056955E+000	5.4507032419722350E+000	3.0402727176273534E+000	-3.5362929037688595E-001	9.6849913098364322E+000	7.9834312730820987E+000	9.3372012397222330E-004	5.1499923646329937E-001 
1010	9.9127148796305414E+006	1.9454800938626413E+001	-3.0451990613735873E+000	0.0000000000000000E+000	3.6041713114581437E+000	5.4506984286930402E+000	3.0402654278828583E+000	-3.5361471088789537E-001	9.6895370647279950E+000	8.0191404413279379E+000	9.9537149161440727E-004	5.1499923642369916E-001 
1015	9.9127148796394859E+006	1.9454800938626413E+001	-3.0451990613735873E+000	0.0000000000000000E+000	3.6041732659978294E+000	5.4506937234610620E+000	3.0402591661874978E+000	-3.5360218749717420E-001	9.6930407781808388E+000	8.0467246064957845E+000	1.0421179537415833E-003	5.1499923639060152E-001 
1020	9.9127148796464913E+006	1.9454800938626413E+001	-3.0451990613735873E+000	0.0000000000000000E+000	3.6041743779987128E+000	5.4506913022447643E+000	3.0402557315775836E+000	-3.5359531827734586E-001	9.6956765523501751E+000	8.0681137879220941E+000	1.0736752495975534E-003	5.1499923639004708E-001 
1025	9.9127148796511758E+006	1.9454800938626413E+001	-3.0451990613735873E+000	0.0000000000000000E+000	3.6041746713535137E+000	5.4506905488546780E+000	3.0402547681729382E+000	-3.5359339146805524E-001	9.6975684726980873E+000	8.0828500501435556E+000	1.0982810462262056E-003	5.1499923633698463E-001 
1030	9.9127148796553407E+006	1.9454800938626413E+001	-3.0451990613735873E+000	0.0000000000000000E+000	3.6041744270793719E+000	5.4506894400512902E+000	3.0402547023195279E+000	-3.5359325976123435E-001	9.6985800361226371E+000	8.0939674151698284E+000	1.0960084042146438E-003	5.1499923633521061E-001 
1035	9.9127148796589561E+006	1.9454800938626413E+001	-3.0451990613735873E+000	0.0000000000000000E+000	3.6041740451442954E+000	5.4506875014780158E+000	3.0402544969030441E+000	-3.5359284892826681E-001	9.6997473676933552E+000	8.1045328511656543E+000	1.0528221194129577E-003	5.1499923623062593E-001 
1040	9.9127148796634041E+006	1.9454800938626413E+001	-3.0451990613735873E+000	0.0000000000000000E+000	3.6041727179940350E+000	5.4506880117054015E+000	3.0402574063172567E+000	-3.5359866775669208E-001	9.7003382314621440E+000	8.1153108310608815E+000	1.0344150222185995E-003	5.1499923623053356E-001 
1045	9.9127148796667419E+006	1.9454800938626413E+001	-3.0451990613735873E+000	0.0000000000000000E+000	3.6041726524557216E+000	5.4506873456890501E+000	3.0402572043857088E+000	-3.5359826389359650E-001	9.7016323444307346E+000	8.1258883806682611E+000	1.0478301581058746E-003	5.1499923621301469E-001 
1050	9.9127148796713576E+006	1.9454800938626413E+001	-3.0451990613735873E+000	0.0000000000000000E+000	3.6041704214928267E+000	5.4506863216590711E+000	3.0402611542965086E+000	-3.5360616371519604E-001	9.7020678498578796E+000	8.1364141220904713E+000	1.0222897178268195E-003	5.1499923618810584E-001 
1055	9.9127148796783015E+006	1.9454800938626413E+001	-3.0451990613735873E+000	0.0000000000000000E+000	3.6041672398202889E+000	5.4506875658621512E+000	3.0402681397431253E+000	-3.5362013460842967E-001	9.7024868123692212E+000	8.1514000184117137E+000	9.7765968930515405E-004	5.1499923617769627E-001 
1060	9.9127148796846289E+006	1.9454800938626413E+001	-3.0451990613735873E+000	0.0000000000000000E+000	3.6041649057353662E+000	5.4506899566053564E+000	3.0402740032845732E+000	-3.5363186169132516E-001	9.7030315029117009E+000	8.1653563009762991E+000	9.4318593115798365E-004	5.1499923612692766E-001 
1065	9.9127148796911146E+006	1.9454800938626413E+001	-3.0451990613735873E+000	0.0000000000000000E+000	3.6041620239546912E+000	5.4506917484995494E+000	3.0402806627930179E+000	-3.5364518070821421E-001	9.7037836732825902E+000	8.1800912501993412E+000	9.1371158101899170E-004	5.1499923612681076E-001 
1070	9.9127148796974663E+006	1.9454800938626413E+001	-3.0451990613735873E+000	0.0000000000000000E+000	3.6041592579129826E+000	5.4506969233496383E+000	3.0402887823014799E+000	-3.5366141972513843E-001	9.7042914956093771E+000	8.1936702742022174E+000	8.7877763984349965E-004	5.1499923612634435E-001 
1075	9.9127148797038086E+006	1.9454800938626413E+001	-3.0451990613735873E+000	0.0000000000000000E+000	3.6041564568369440E+000	5.4507007723585215E+000	3.0402963089579988E+000	-3.5367647303817618E-001	9.7049963963451056E+000	8.2076655432207506E+000	8.4932889758808773E-004	5.1499923612614762E-001 
1080	9.9127148797110021E+006	1.9454800938626413E+001	-3.0451990613735873E+000	0.0000000000000000E+000	3.6041552702846671E+000	5.4507098825584501E+000	3.0403032371625165E+000	-3.5369032944721207E-001	9.7056737604820587E+000	8.2229855991721337E+000	8.1265912126362834E-004	5.1499923608778908E-001 
1085	9.9127148797164261E+006	1.9454800938626413E+001	-3.0451990613735873E+000	0.0000000000000000E+000	3.6041547646253838E+000	5.4507179944145294E+000	3.0403083044091241E+000	-3.5370046394042665E-001	9.7064568975972154E+000	8.2352325626196698E+000	7.9101763123083570E-004	5.1499923607096876E-001 
1090	9.9127148797220029E+006	1.9454800938626413E+001	-3.0451990613735873E+000	0.0000000000000000E+000	3.6041553826721047E+000	5.4507263417791094E+000	3.0403112419979719E+000	-3.5370633911812227E-001	9.7072898143088189E+000	8.2478146232715996E+000	7.6825569868118259E-004	5.1499923600717046E-001 
1095	9.9127148797277231E+006	1.9454800938626413E+001	-3.0451990613735873E+000	0.0000000000000000E+000	3.6041567484651571E+000	5.4507360335680586E+000	3.0403133563063411E+000	-3.5371056773486109E-001	9.7084042326830780E+000	8.2614215804155346E+000	7.4889969607715048E-004	5.1499923586875007E-001 
1100	9.9127148797339331E+006	1.9454800938626413E+001	-3.0451990613735873E+000	0.0000000000000000E+000	3.6041589484933234E+000	5.4507508153539224E+000	3.0403163471429400E+000	-3.5371654940805908E-001	9.7099806670937330E+000	8.2772309146228729E+000	7.3239277492616567E-004	5.1499923578736506E-001 
1105	9.9127148797405194E+006	1.9454800938626413E+001	-3.0451990613735873E+000	0.0000000000000000E+000	3.6041624367900584E+000	5.4507637041020320E+000	3.0403158149235248E+000	-3.5371548496922811E-001	9.7127506441076186E+000	8.2972734340947465E+000	7.3076853413973041E-004	5.1499923572985984E-001 
1110	9.9127148797463253E+006	1.9454800938626413E+001	-3.0451990613735873E+000	0.0000000000000000E+000	3.6041669625601527E+000	5.4507789459801685E+000	3.0403143843224050E+000	-3.5371262376698859E-001	9.7165544839702314E+000	8.3191156019736621E+000	7.4453416560617399E-004	5.1499923571651807E-001 
1115	9.9127148797556758E+006	1.9454800938626413E+001	-3.0451990613735873E+000	0.0000000000000000E+000	3.6041756046356315E+000	5.4508018020663949E+000	3.0403085282145610E+000	-3.5370091155130085E-001	9.7243236487270437E+000	8.3597798265309162E+000	7.3504247654665683E-004	5.1499923570249062E-001 
1120	9.9127148797653373E+006	1.9454800938626413E+001	-3.0451990613735873E+000	0.0000000000000000E+000	3.6041860902979113E+000	5.4508265022044231E+000	3.0402999069590151E+000	-3.5368366904020859E-001	9.7400868679219741E+000	8.4274856909775817E+000	6.4854974255810908E-004	5.1499923570221551E-001 
1125	9.9127148797730766E+006	1.9454800938626413E+001	-3.0451990613735873E+000	0.0000000000000000E+000	3.6041916821072766E+000	5.4508455843533712E+000	3.0402982644147598E+000	-3.5368038395169826E-001	9.7494955278417468E+000	8.4757094583604662E+000	6.7570315654566688E-004	5.1499923570191997E-001 
1130	9.9127148797815703E+006	1.9454800938626413E+001	-3.0451990613735873E+000	0.0000000000000000E+000	3.6041964576648753E+000	5.4508638051793525E+000	3.0402978237125513E+000	-3.5367950254728120E-001	9.7607141668946600E+000	8.5337159455374891E+000	8.1041825683643518E-004	5.1499923570053330E-001 
1135	9.9127148797888048E+006	1.9454800938626413E+001	-3.0451990613735873E+000	0.0000000000000000E+000	3.6041951502594136E+000	5.4508785900594825E+000	3.0403078309635405E+000	-3.5369951704925967E-001	9.7747880443385089E+000	8.5997402031166281E+000	1.1032077169217953E-003	5.1499923549590643E-001 
1140	9.9127148797940128E+006	1.9454800938626413E+001	-3.0451990613735873E+000	0.0000000000000000E+000	3.6041890813769815E+000	5.4508864056234758E+000	3.0403238765104010E+000	-3.5373160814298099E-001	9.7862259869276507E+000	8.6551274589454543E+000	1.3986950162541076E-003	5.1499923548133431E-001 
1145	9.9127148797973208E+006	1.9454800938626413E+001	-3.0451990613735873E+000	0.0000000000000000E+000	3.6041830607401608E+000	5.4508901946174939E+000	3.0403378122810509E+000	-3.5375947968428056E-001	9.7942760143998182E+000	8.6946210326890050E+000	1.6346617011564115E-003	5.1499923547453197E-001 
1150	9.9127148797996901E+006	1.9454800938626413E+001	-3.0451990613735873E+000	0.0000000000000000E+000	3.6041790263777020E+000	5.4508931775914444E+000	3.0403473724929442E+000	-3.5377860010806722E-001	9.8006055252841175E+000	8.7259376398186177E+000	1.8435655001496425E-003	5.1499923546446114E-001 
1155	9.9127148798021432E+006	1.9454800938626413E+001	-3.0451990613735873E+000	0.0000000000000000E+000	3.6041773266398356E+000	5.4508951578988079E+000	3.0403517621223588E+000	-3.5378737936689597E-001	9.8105187137849423E+000	8.7717065391268552E+000	2.2682270324123899E-003	5.1499923545389381E-001 
1160	9.9127148798044659E+006	1.9454800938626413E+001	-3.0451990613735873E+000	0.0000000000000000E+000	3.6041758499251380E+000	5.4508980912868434E+000	3.0403561822457714E+000	-3.5379621961372176E-001	9.8210820344081196E+000	8.8223818654605299E+000	2.7732027564039202E-003	5.1499923543357173E-001 
1165	9.9127148798061199E+006	1.9454800938626413E+001	-3.0451990613735873E+000	0.0000000000000000E+000	3.6041734447855389E+000	5.4509004229717632E+000	3.0403621583674303E+000	-3.5380817185703950E-001	9.8303269166771248E+000	8.8675021759159431E+000	3.2819718715273497E-003	5.1499923543321247E-001 
1170	9.9127148798077591E+006	1.9454800938626413E+001	-3.0451990613735873E+000	0.0000000000000000E+000	3.6041731202629501E+000	5.4509010386924981E+000	3.0403631152729762E+000	-3.5381008566813077E-001	9.8387806077029794E+000	8.9133640782841681E+000	3.7049552491873593E-003	5.1499923543297710E-001 
1175	9.9127148798086233E+006	1.9454800938626413E+001	-3.0451990613735873E+000	0.0000000000000000E+000	3.6041725607905488E+000	5.4509031956423026E+000	3.0403653126926797E+000	-3.5381448050753789E-001	9.8422091301634715E+000	8.9346315952246016E+000	3.8278542375416130E-003	5.1499923543134640E-001 
1180	9.9127148798093833E+006	1.9454800938626413E+001	-3.0451990613735873E+000	0.0000000000000000E+000	3.6041715632280562E+000	5.4509051574207872E+000	3.0403682887069081E+000	-3.5382043253599499E-001	9.8472005253448085E+000	8.9622145755099059E+000	4.1746278552089048E-003	5.1499923542675474E-001 
1185	9.9127148798098154E+006	1.9454800938626413E+001	-3.0451990613735873E+000	0.0000000000000000E+000	3.6041703858508249E+000	5.4509042053650214E+000	3.0403701674334873E+000	-3.5382418998915327E-001	9.8496340879019186E+000	8.9768712937191850E+000	4.2955105214074951E-003	5.1499923542511450E-001 
1190	9.9127148798099961E+006	1.9454800938626413E+001	-3.0451990613735873E+000	0.0000000000000000E+000	3.6041699884230503E+000	5.4509051535026805E+000	3.0403714363578662E+000	-3.5382672783791158E-001	9.8506988585418842E+000	8.9832866343044664E+000	4.3504001203768178E-003	5.1499923542511117E-001 
1195	9.9127148798100483E+006	1.9454800938626413E+001	-3.0451990613735873E+000	0.0000000000000000E+000	3.6041700359862059E+000	5.4509053643754672E+000	3.0403714466679483E+000	-3.5382674845807488E-001	9.8515358688298225E+000	8.9871718067607134E+000	4.4281702536520468E-003	5.1499923542470749E-001 
1200	9.9127148798101339E+006	1.9454800938626413E+001	-3.0451990613735873E+000	0.0000000000000000E+000	3.6041700416061255E+000	5.4509051779379751E+000	3.0403713422093630E+000	-3.5382653954090498E-001	9.8526020705651209E+000	8.9923982086092433E+000	4.5217372591439577E-003	5.1499923542469783E-001 
1205	9.9127148798102718E+006	1.9454800938626413E+001	-3.0451990613735873E+000	0.0000000000000000E+000	3.6041699898066479E+000	5.4509059692639203E+000	3.0403718414712904E+000	-3.5382753806475958E-001	9.8543177717545909E+000	9.0009543307989777E+000	4.6705491949898060E-003	5.1499923542468273E-001 
1210	9.9127148798104711E+006	1.9454800938626413E+001	-3.0451990613735873E+000	0.0000000000000000E+000	3.6041699655554376E+000	5.4509069142581028E+000	3.0403723624708023E+000	-3.5382858006378304E-001	9.8565329879086061E+000	9.0126388416753791E+000	4.8450593333448679E-003	5.1499923542349857E-001 
1215	9.9127148798105698E+006	1.9454800938626413E+001	-3.0451990613735873E+000	0.0000000000000000E+000	3.6041696658157520E+000	5.4509065447465348E+000	3.0403727771943898E+000	-3.5382940951095804E-001	9.8616119343099751E+000	9.0334838844221341E+000	5.4776550129160889E-003	5.1499923542348702E-001 
1220	9.9127148798106462E+006	1.9454800938626413E+001	-3.0451990613735873E+000	0.0000000000000000E+000	3.6041692909409999E+000	5.4509052475860607E+000	3.0403728783636570E+000	-3.5382961184949219E-001	9.8625850950790976E+000	9.0388831447764932E+000	5.5519120270214059E-003	5.1499923542317005E-001 
1225	9.9127148798107561E+006	1.9454800938626413E+001	-3.0451990613735873E+000	0.0000000000000000E+000	3.6041696044376614E+000	5.4509068456170784E+000	3.0403730503858428E+000	-3.5382995589386468E-001	9.8643136393679693E+000	9.0480211729898166E+000	5.7108609398998167E-003	5.1499923542259918E-001 
1230	9.9127148798108809E+006	1.9454800938626413E+001	-3.0451990613735873E+000	0.0000000000000000E+000	3.6041690064000318E+000	5.4509052831433280E+000	3.0403734652242269E+000	-3.5383078557063302E-001	9.8657685023003623E+000	9.0567353092212510E+000	5.8062685086988711E-003	5.1499923542151060E-001 
1235	9.9127148798109554E+006	1.9454800938626413E+001	-3.0451990613735873E+000	0.0000000000000000E+000	3.6041693515429829E+000	5.4509065589430463E+000	3.0403734128381834E+000	-3.5383068079854574E-001	9.8664437483065477E+000	9.0612259283675574E+000	5.8340763012409954E-003	5.1499923542125137E-001 
1240	9.9127148798109852E+006	1.9454800938626413E+001	-3.0451990613735873E+000	0.0000000000000000E+000	3.6041690045676122E+000	5.4509058728061319E+000	3.0403737637204680E+000	-3.5383138256311414E-001	9.8670009661715170E+000	9.0641358131598047E+000	5.8889941445712966E-003	5.1499923542107073E-001 
1245	9.9127148798110299E+006	1.9454800938626413E+001	-3.0451990613735873E+000	0.0000000000000000E+000	3.6041689197385276E+000	5.4509051462682407E+000	3.0403735701096912E+000	-3.5383099534156126E-001	9.8674579889332552E+000	9.0670824299388073E+000	5.9126244407342035E-003	5.1499923542059245E-001 
1250	9.9127148798111025E+006	1.9454800938626413E+001	-3.0451990613735873E+000	0.0000000000000000E+000	3.6041691002736260E+000	5.4509058662321976E+000	3.0403735690214733E+000	-3.5383099316512512E-001	9.8678699664907761E+000	9.0705773797137272E+000	5.9010001439737999E-003	5.1499923542027148E-001 
1255	9.9127148798111808E+006	1.9454800938626413E+001	-3.0451990613735873E+000	0.0000000000000000E+000	3.6041693678217022E+000	5.4509069742308132E+000	3.0403735879246292E+000	-3.5383103097143687E-001	9.8688135112818038E+000	9.0763000965865199E+000	5.9645988239876956E-003	5.1499923541879389E-001 
1260	9.9127148798112106E+006	1.9454800938626413E+001	-3.0451990613735873E+000	0.0000000000000000E+000	3.6041693916997595E+000	5.4509072702451418E+000	3.0403736881756775E+000	-3.5383123147353346E-001	9.8694892517209531E+000	9.0796751896344254E+000	6.0396961117998547E-003	5.1499923541855275E-001 
1265	9.9127148798112534E+006	1.9454800938626413E+001	-3.0451990613735873E+000	0.0000000000000000E+000	3.6041689817506799E+000	5.4509056221270233E+000	3.0403736840147788E+000	-3.5383122315173604E-001	9.8699900583687583E+000	9.0827849215901484E+000	6.0717166906404168E-003	5.1499923541834591E-001 
1270	9.9127148798113186E+006	1.9454800938626413E+001	-3.0451990613735873E+000	0.0000000000000000E+000	3.6041695240153664E+000	5.4509067907258348E+000	3.0403731837848103E+000	-3.5383022269179892E-001	9.8704486849017385E+000	9.0864644437448785E+000	6.0686985087817493E-003	5.1499923541814319E-001 
1275	9.9127148798113875E+006	1.9454800938626413E+001	-3.0451990613735873E+000	0.0000000000000000E+000	3.6041694601353327E+000	5.4509057250273178E+000	3.0403727786956205E+000	-3.5382941251342021E-001	9.8708660801331440E+000	9.0901007427540677E+000	6.0551727365794755E-003	5.1499923541813741E-001 
1280	9.9127148798114862E+006	1.9454800938626413E+001	-3.0451990613735873E+000	0.0000000000000000E+000	3.6041698929020911E+000	5.4509073729381106E+000	3.0403727371174987E+000	-3.5382932935717620E-001	9.8724181825719963E+000	9.0989077439023891E+000	6.1883529016651005E-003	5.1499923541784587E-001 
1285	9.9127148798115347E+006	1.9454800938626413E+001	-3.0451990613735873E+000	0.0000000000000000E+000	3.6041696313180527E+000	5.4509059348917690E+000	3.0403725412624052E+000	-3.5382893764698903E-001	9.8783057253095876E+000	9.1236014374543100E+000	7.1054153036885321E-003	5.1499923541771808E-001 
1290	9.9127148798115440E+006	1.9454800938626413E+001	-3.0451990613735873E+000	0.0000000000000000E+000	3.6041699432713625E+000	5.4509070701479150E+000	3.0403724849838589E+000	-3.5382882508989699E-001	9.8803303447897743E+000	9.1321881010782704E+000	7.4472062651678153E-003	5.1499923541771708E-001 
1295	9.9127148798115570E+006	1.9454800938626413E+001	-3.0451990613735873E+000	0.0000000000000000E+000	3.6041694740303405E+000	5.4509053899200586E+000	3.0403725833519757E+000	-3.5382902182612985E-001	9.8821996242539285E+000	9.1404972095454884E+000	7.7574478065952374E-003	5.1499923541763049E-001 
1300	9.9127148798115700E+006	1.9454800938626413E+001	-3.0451990613735873E+000	0.0000000000000000E+000	3.6041695946905454E+000	5.4509054850779517E+000	3.0403723896105119E+000	-3.5382863434320244E-001	9.8833458251469164E+000	9.1458665548258757E+000	7.9390474656720368E-003	5.1499923541741999E-001 
1305	9.9127148798115887E+006	1.9454800938626413E+001	-3.0451990613735873E+000	0.0000000000000000E+000	3.6041699479267848E+000	5.4509066731705484E+000	3.0403722771843311E+000	-3.5382840949084060E-001	9.8843116255383894E+000	9.1509604430937568E+000	8.0645084701136596E-003	5.1499923541715897E-001 
1310	9.9127148798116241E+006	1.9454800938626413E+001	-3.0451990613735873E+000	0.0000000000000000E+000	3.6041701459858739E+000	5.4509069307778804E+000	3.0403720098698179E+000	-3.5382787486181455E-001	9.8851244386778117E+000	9.1561537283917165E+000	8.1226183379655773E-003	5.1499923541703740E-001 
1315	9.9127148798116632E+006	1.9454800938626413E+001	-3.0451990613735873E+000	0.0000000000000000E+000	3.6041703795298945E+000	5.4509068564805858E+000	3.0403715056331304E+000	-3.5382686638843941E-001	9.8861218788409406E+000	9.1624785835963607E+000	8.1976399141958055E-003	5.1499923541683357E-001 
1320	9.9127148798117060E+006	1.9454800938626413E+001	-3.0451990613735873E+000	0.0000000000000000E+000	3.6041704185725543E+000	5.4509065506163576E+000	3.0403712746156963E+000	-3.5382640435357160E-001	9.8877066441008186E+000	9.1716106926972341E+000	8.3693806422195961E-003	5.1499923541671178E-001 
1325	9.9127148798117600E+006	1.9454800938626413E+001	-3.0451990613735873E+000	0.0000000000000000E+000	3.6041704540768382E+000	5.4509063825348525E+000	3.0403711195663758E+000	-3.5382609425493022E-001	9.8920993559290871E+000	9.1934534395003151E+000	9.0582450275476199E-003	5.1499923541670645E-001 
1330	9.9127148798118047E+006	1.9454800938626413E+001	-3.0451990613735873E+000	0.0000000000000000E+000	3.6041703656945163E+000	5.4509060961097164E+000	3.0403711531184512E+000	-3.5382616135908102E-001	9.8982010000164191E+000	9.2236325956283469E+000	1.0129603235047782E-002	5.1499923541632953E-001 
1335	9.9127148798118271E+006	1.9454800938626413E+001	-3.0451990613735873E+000	0.0000000000000000E+000	3.6041706345728883E+000	5.4509064620717957E+000	3.0403707983427464E+000	-3.5382545180767183E-001	9.9039581940224011E+000	9.2526623836551511E+000	1.1480187235810889E-002	5.1499923541610027E-001 
1340	9.9127148798118364E+006	1.9454800938626413E+001	-3.0451990613735873E+000	0.0000000000000000E+000	3.6041706706023784E+000	5.4509066741991390E+000	3.0403708323474388E+000	-3.5382551981705612E-001	9.9066506508920771E+000	9.2661621144872761E+000	1.2057266936900884E-002	5.1499923541606041E-001 
1345	9.9127148798118476E+006	1.9454800938626413E+001	-3.0451990613735873E+000	0.0000000000000000E+000	3.6041707900221134E+000	5.4509070120201111E+000	3.0403707624184548E+000	-3.5382537995908830E-001	9.9103587380085099E+000	9.2852486402608818E+000	1.2857281965291817E-002	5.1499923541585613E-001 
1350	9.9127148798118606E+006	1.9454800938626413E+001	-3.0451990613735873E+000	0.0000000000000000E+000	3.6041707998101482E+000	5.4509070260236845E+000	3.0403707498441723E+000	-3.5382535481052346E-001	9.9154416047478691E+000	9.3118204401449418E+000	1.4000609613412202E-002	5.1499923541585568E-001 
1355	9.9127148798118699E+006	1.9454800938626413E+001	-3.0451990613735873E+000	0.0000000000000000E+000	3.6041708218832329E+000	5.4509069378122703E+000	3.0403706615922954E+000	-3.5382517830676963E-001	9.9201208370828695E+000	9.3366891927969036E+000	1.5099581214654880E-002	5.1499923541585491E-001 
1360	9.9127148798118811E+006	1.9454800938626413E+001	-3.0451990613735873E+000	0.0000000000000000E+000	3.6041710737395252E+000	5.4509075139656327E+000	3.0403704459563925E+000	-3.5382474703496347E-001	9.9265779915842955E+000	9.3715773423981457E+000	1.6695592440703778E-002	5.1499923541552139E-001 
1365	9.9127148798118848E+006	1.9454800938626413E+001	-3.0451990613735873E+000	0.0000000000000000E+000	3.6041708885227348E+000	5.4509064919980821E+000	3.0403703054061979E+000	-3.5382446593457462E-001	9.9308958092563184E+000	9.3952878682701932E+000	1.7805736034918765E-002	5.1499923541552062E-001 
1370	9.9127148798118848E+006	1.9454800938626413E+001	-3.0451990613735873E+000	0.0000000000000000E+000	3.6041710640740270E+000	5.4509074254404686E+000	3.0403704210248073E+000	-3.5382469717179343E-001	9.9322079070455498E+000	9.4025835806476969E+000	1.8146390776169745E-002	5.1499923541551251E-001 
1375	9.9127148798118848E+006	1.9454800938626413E+001	-3.0451990613735873E+000	0.0000000000000000E+000	3.6041708853822643E+000	5.4509063393554902E+000	3.0403702353658426E+000	-3.5382432585386414E-001	9.9328379530374367E+000	9.4061024374864157E+000	1.8310339005909754E-002	5.1499923541550807E-001 
1380	9.9127148798118848E+006	1.9454800938626413E+001	-3.0451990613735873E+000	0.0000000000000000E+000	3.6041708393716019E+000	5.4509063036166170E+000	3.0403703095177308E+000	-3.5382447415764023E-001	9.9334894287453182E+000	9.4097494866376685E+000	1.8480259278525816E-002	5.1499923541550807E-001 
1385	9.9127148798118848E+006	1.9454800938626413E+001	-3.0451990613735873E+000	0.0000000000000000E+000	3.6041711166808597E+000	5.4509075785050864E+000	3.0403703923434495E+000	-3.5382463980907808E-001	9.9338102561445556E+000	9.4115463503392061E+000	1.8564327949075022E-002	5.1499923541550174E-001 
1390	9.9127148798118848E+006	1.9454800938626413E+001	-3.0451990613735873E+000	0.0000000000000000E+000	3.6041711153884428E+000	5.4509073964676613E+000	3.0403703039095711E+000	-3.5382446294132064E-001	9.9343161503101314E+000	9.4143812844311370E+000	1.8697541537524915E-002	5.1499923541550152E-001 
1395	9.9127148798118848E+006	1.9454800938626413E+001	-3.0451990613735873E+000	0.0000000000000000E+000	3.6041708775264247E+000	5.4509067251754377E+000	3.0403704439874963E+000	-3.5382474309717160E-001	9.9351390369939576E+000	9.4190069245103718E+000	1.8914161884272192E-002	5.1499923541550152E-001 
1400	9.9127148798118848E+006	1.9454800938626413E+001	-3.0451990613735873E+000	0.0000000000000000E+000	3.6041711388919198E+000	5.4509073919044111E+000	3.0403702546209921E+000	-3.5382436436416270E-001	9.9365515219205687E+000	9.4269618066420016E+000	1.9289676304203092E-002	5.1499923541550119E-001 
1405	9.9127148798118848E+006	1.9454800938626413E+001	-3.0451990613735873E+000	0.0000000000000000E+000	3.6041710126788624E+000	5.4509074458432885E+000	3.0403705340165454E+000	-3.5382492315526970E-001	9.9389879291475793E+000	9.4407714112188312E+000	1.9941787952257439E-002	5.1499923541549164E-001 
1410	9.9127148798118867E+006	1.9454800938626413E+001	-3.0451990613735873E+000	0.0000000000000000E+000	3.6041709483694326E+000	5.4509066236560857E+000	3.0403702515418032E+000	-3.5382435820578545E-001	9.9434873371278272E+000	9.4665246665251157E+000	2.1163400003634262E-002	5.1499923541535109E-001 
1415	9.9127148798118960E+006	1.9454800938626413E+001	-3.0451990613735873E+000	0.0000000000000000E+000	3.6041710855923679E+000	5.4509076741804563E+000	3.0403705023581193E+000	-3.5382485983841711E-001	9.9509806891571504E+000	9.5099883871349604E+000	2.3249750747525898E-002	5.1499923541535075E-001 
1420	9.9127148798118960E+006	1.9454800938626413E+001	-3.0451990613735873E+000	0.0000000000000000E+000	3.6041712031593942E+000	5.4509077543886812E+000	3.0403703073281796E+000	-3.5382446977853815E-001	9.9529621338655136E+000	9.5216377634338922E+000	2.3806462522374117E-002	5.1499923541535053E-001 
1425	9.9127148798118960E+006	1.9454800938626413E+001	-3.0451990613735873E+000	0.0000000000000000E+000	3.6041710061599121E+000	5.4509072981845561E+000	3.0403704732250798E+000	-3.5382480157233803E-001	9.9550671868137908E+000	9.5389312337592020E+000	2.4718326741233212E-002	5.1499923541535042E-001 
1430	9.9127148798118960E+006	1.9454800938626413E+001	-3.0451990613735873E+000	0.0000000000000000E+000	3.6041712181671199E+000	5.4509076534035890E+000	3.0403702268201811E+000	-3.5382430876254067E-001	9.9583889252020228E+000	9.5586476415913726E+000	2.5797940382534162E-002	5.1499923541535031E-001 
1435	9.9127148798118960E+006	1.9454800938626413E+001	-3.0451990613735873E+000	0.0000000000000000E+000	3.6041710215559566E+000	5.4509072414288982E+000	3.0403704140551620E+000	-3.5382468323250321E-001	9.9617461705083681E+000	9.5791094728758672E+000	2.6779548634003940E-002	5.1499923541534409E-001 
1440	9.9127148798118960E+006	1.9454800938626413E+001	-3.0451990613735873E+000	0.0000000000000000E+000	3.6041712571480100E+000	5.4509073294883388E+000	3.0403699869007763E+000	-3.5382382892373149E-001	9.9680842203948394E+000	9.6181226829203794E+000	2.8636219118986669E-002	5.1499923541533343E-001 
1445	9.9127148798118979E+006	1.9454800938626413E+001	-3.0451990613735873E+000	0.0000000000000000E+000	3.6041712865190250E+000	5.4509076555916351E+000	3.0403700912103950E+000	-3.5382403754296904E-001	9.9818347197696031E+000	9.7046908731443651E+000	3.2581428752845518E-002	5.1499923541530879E-001 
1450	9.9127148798119016E+006	1.9454800938626413E+001	-3.0451990613735873E+000	0.0000000000000000E+000	3.6041710040581250E+000	5.4509067265762026E+000	3.0403701916244779E+000	-3.5382423837113475E-001	9.9952443995484312E+000	9.7917149139302637E+000	3.6165733094594338E-002	5.1499923541530868E-001 
1455	9.9127148798119016E+006	1.9454800938626413E+001	-3.0451990613735873E+000	0.0000000000000000E+000	3.6041711300307107E+000	5.4509075120351440E+000	3.0403703324087772E+000	-3.5382451993973324E-001	1.0002807989753713E+001	9.8420507376786475E+000	3.8015218903014826E-002	5.1499923541530390E-001 
1456	9.9127148798119016E+006	1.9454800938626413E+001	-3.0451990613735873E+000	0.0000000000000000E+000	3.6041712264195760E+000	5.4509071762165346E+000	3.0403699717217423E+000	-3.5382379856566287E-001	1.0004952918284943E+001	9.8565704247226709E+000	3.8509627867180748E-002	5.1499923541530390E-001 
