1	3.2000000000000007E+001	2.5000000000000000E+001	0.0000000000000000E+000	0.0000000000000000E+000	4.5751022839456406E+000	4.9040368766290046E+000	8.2507270687584611E-001	4.1856839483334705E+000	2.6595858764151620E-001	7.2010741272143752E-001 
5	1.9536320000000006E+002	2.4999988437259077E+001	-1.1562740922954617E-005	-6.6959273659644466E-008	4.5587528449641352E+000	4.8667787425582025E+000	8.3914251780345694E-001	4.1575441256128185E+000	2.6596200129432956E-001	7.2010741272143697E-001 
10	5.0999758723200028E+002	2.4999966978899597E+001	-3.3021100403374248E-005	-6.8927091494195925E-008	4.5601950690407307E+000	4.8714433689415877E+000	8.3859038284195908E-001	4.1586480227655978E+000	2.6596895496801842E-001	7.2010741272143741E-001 
15	1.0167194142130093E+003	2.4999931235512662E+001	-6.8764487338057734E-005	-7.1567403507961199E-008	4.5628139821870324E+000	4.8772702196687234E+000	8.3626598191292367E-001	4.1632962036961763E+000	2.6598217855453798E-001	7.2010741272143730E-001 
20	1.8327999837841944E+003	2.4999870936289792E+001	-1.2906371020804386E-004	-7.5352173596160242E-008	4.5671643591618833E+000	4.8846987760068208E+000	8.3127950613226986E-001	4.1732681077485489E+000	2.6601035829926389E-001	7.2010741272143652E-001 
25	3.1471059018842843E+003	2.4999768291847516E+001	-2.3170815248363397E-004	-7.9484126788528361E-008	4.5719867347151899E+000	4.8899384545955495E+000	8.2425459432002168E-001	4.1873161482435846E+000	2.6607183518349853E-001	7.2010741272143441E-001 
30	5.2638087260436605E+003	2.4999598689468577E+001	-4.0131053142289375E-004	-7.9742224034106065E-008	4.5747345630628322E+000	4.8852110447307968E+000	8.1639523269236081E-001	4.2030319251665125E+000	2.6618613603709745E-001	7.2010741272142764E-001 
35	8.6727797913805789E+003	2.4999336838238385E+001	-6.6316176161507201E-004	-7.4906609059143263E-008	4.5744326553177608E+000	4.8729008199370751E+000	8.1084393578564207E-001	4.2141299700613324E+000	2.6637887479792999E-001	7.2010741272140533E-001 
40	1.4162961781816344E+004	2.4998936880217808E+001	-1.0631197821915350E-003	-7.2150220758980099E-008	4.5739608788508859E+000	4.8682130254584575E+000	8.0944359148008305E-001	4.2169237104501054E+000	2.6669417960566361E-001	7.2010741272132661E-001 
45	2.3004954779233049E+004	2.4998301293528790E+001	-1.6987064712097322E-003	-7.1812305225410439E-008	4.5737514090719662E+000	4.8680251268537855E+000	8.0976858173558641E-001	4.2162626880575100E+000	2.6720252218629537E-001	7.2010741272102796E-001 
50	3.7245072921502637E+004	2.4997279243330400E+001	-2.7207566695999219E-003	-7.1760349518693950E-008	4.5734004614269548E+000	4.8683910485169557E+000	8.1065343785719401E-001	4.2144752194143615E+000	2.6801363253407540E-001	7.2010741271982714E-001 
55	6.0178925590809245E+004	2.4995633616906215E+001	-4.3663830937852310E-003	-7.1759032441393750E-008	4.5728407375690745E+000	4.8690621907024054E+000	8.1210845666568054E-001	4.2115365902857258E+000	2.6930190434390472E-001	7.2010741271481638E-001 
60	9.7114124653254243E+004	2.4992981505562906E+001	-7.0184944370943469E-003	-7.1844253234859137E-008	4.5720356540497997E+000	4.8701924058596484E+000	8.1428373128285114E-001	4.2071399586656231E+000	2.7134180983646999E-001	7.2010741269337408E-001 
65	1.5659863209531253E+005	2.4988698637301781E+001	-1.1301362698219464E-002	-7.2118995992928067E-008	4.5709673421792898E+000	4.8720856359087596E+000	8.1736697004842529E-001	4.2008990528218710E+000	2.7455549806695251E-001	7.2010741259931410E-001 
70	2.5239902617582190E+005	2.4981753321028929E+001	-1.8246678971070907E-002	-7.2776403333521587E-008	4.5696130861364335E+000	4.8752436507771506E+000	8.2165448956833442E-001	4.1922032899369164E+000	2.7964361957924389E-001	7.2010741214972074E-001 
75	4.0668651884642313E+005	2.4970397912666133E+001	-2.9602087333866933E-002	-7.4185624338374375E-008	4.5680559997005625E+000	4.8805523769210346E+000	8.2742302551201763E-001	4.1804687654412094E+000	2.8749645764149967E-001	7.2010739922945532E-001 
80	6.5516806866735325E+005	2.4951557446794375E+001	-4.8442553205624961E-002	-7.6968360256078773E-008	4.5663626118631049E+000	4.8894486652556655E+000	8.3525794535424824E-001	4.1644711216595667E+000	2.9966254492217426E-001	7.2010596089615653E-001 
85	1.0553500894694596E+006	2.4919491600894151E+001	-8.0508399105848838E-002	-8.2330939860237491E-008	4.5646207224140838E+000	4.9043926250054417E+000	8.4621370412717833E-001	4.1420011229059908E+000	3.1867732223913758E-001	7.2005020246449347E-001 
90	1.6998472357914599E+006	2.4862498089662616E+001	-1.3750191033738446E-001	-9.2758073227053643E-008	4.5630382046448856E+000	4.9297860846223944E+000	8.6207546947405211E-001	4.1092831772280194E+000	3.4903053980899873E-001	7.1920942071452287E-001 
95	2.7378163349145050E+006	2.4752882411401576E+001	-2.4711758859842448E-001	-1.1505987445185702E-007	4.5624912461880314E+000	4.9742584171637256E+000	8.8540555265842735E-001	4.0607040268195167E+000	3.9852130716520923E-001	7.1296824877312981E-001 
100	4.4094759487431608E+006	2.4506743641652381E+001	-4.9325635834761883E-001	-1.7261379178057707E-007	4.5649539870325633E+000	5.0562546961022043E+000	9.2147821043860123E-001	3.9842185403030896E+000	4.8669468015840017E-001	6.8407280982511642E-001 
104	6.3353730482989857E+006	2.4033827206522879E+001	-9.6617279347712071E-001	-2.9960666001689479E-007	4.5520665491072476E+000	5.1699016897908763E+000	1.0040765831335685E+000	3.8105591215922403E+000	6.5774357033721886E-001	6.2674361532815381E-001 
105	6.7690831942200307E+006	2.3884184940179537E+001	-1.1158150598204628E+000	-3.4502828156246775E-007	4.5403377560180278E+000	5.2009169467388592E+000	1.0430417977859991E+000	3.7299161831958068E+000	7.1173853730580383E-001	6.1586126685722786E-001 
110	8.0635161876352774E+006	2.3332697557834223E+001	-1.6673024421657772E+000	-4.3889040451678525E-007	4.4474478058693130E+000	5.3155216912191365E+000	1.2861240703235690E+000	3.2336061644511771E+000	9.2281367655035340E-001	5.9467123742752281E-001 
115	8.3495210089527294E+006	2.3200563991761957E+001	-1.7994360082380432E+000	-6.6088924939774016E-007	4.4756590675339858E+000	5.3784850452559745E+000	1.2611832240126419E+000	3.2810214478448132E+000	9.8658444754157015E-001	5.9140769461508313E-001 
120	8.3560625680998294E+006	2.3175798113156251E+001	-1.8242018868437491E+000	-2.1148455980727685E-005	4.3320272471755477E+000	5.4339567381171232E+000	1.5761827111600930E+000	2.6505586301196726E+000	9.8661377441259468E-001	5.9130902878524771E-001 
125	8.3576442127499487E+006	2.3119552452303765E+001	-1.8804475476962352E+000	-3.4362352430325416E-005	4.2862962641432327E+000	5.4395090440805491E+000	1.6704208302064349E+000	2.4610271157688097E+000	9.8659962620407682E-001	5.9124690038652594E-001 
130	8.3591731587889986E+006	2.3073269546522205E+001	-1.9267304534777949E+000	-3.0840938521796489E-005	4.2120712976158448E+000	5.4490728896078018E+000	1.8236526860248374E+000	2.1536931209822034E+000	9.8634882583050543E-001	5.9118070438548465E-001 
135	8.3604435859480314E+006	2.3056157397286089E+001	-1.9438426027139108E+000	-3.8766273906730667E-006	4.1715333302468398E+000	5.4593095922767256E+000	1.9098469720973104E+000	1.9809823374932194E+000	9.8572196525072375E-001	5.9113840813144147E-001 
140	8.3622366295564370E+006	2.3045062202243368E+001	-1.9549377977566316E+000	-4.0258951824115144E-006	4.0454258756969033E+000	5.4728329235464663E+000	2.1688235468320527E+000	1.4628201444401774E+000	9.8463492522953755E-001	5.9110213173104487E-001 
145	8.3633133085120209E+006	2.3043368606535726E+001	-1.9566313934642743E+000	-5.1569394823878934E-008	3.9115852767022701E+000	5.4775226889426847E+000	2.4388496275194287E+000	9.2273606532564378E-001	9.8396849360143457E-001	5.9106568560058748E-001 
150	8.3644759818470040E+006	2.3043297258354812E+001	-1.9567027416451879E+000	-6.3385965069446949E-008	3.9060759292672009E+000	5.4813435123317884E+000	2.4517787340841184E+000	8.9687650750704984E-001	9.8320372311364013E-001	5.9104520739687161E-001 
155	8.3663484788797284E+006	2.3043171556610094E+001	-1.9568284433899059E+000	-6.9257562734666307E-008	3.9035629574909567E+000	5.4826050924896554E+000	2.4574354677155412E+000	8.8556067115082415E-001	9.8174084228705594E-001	5.9101965527127842E-001 
160	8.3687482484608013E+006	2.3043004851992713E+001	-1.9569951480072874E+000	-6.9440242690396501E-008	3.8996531838356372E+000	5.4808522278466780E+000	2.4643785827046907E+000	8.7167129928048326E-001	9.7808921039156294E-001	5.9096694167300989E-001 
164	8.3713310747532565E+006	2.3042669779519837E+001	-1.9573302204801628E+000	-2.3331586667982236E-007	3.8532482380873114E+000	5.4829093737388330E+000	2.5582170471474202E+000	6.8398805519503370E-001	9.7318750039937985E-001	5.9083419995249931E-001 
165	8.3721458810395701E+006	2.3042289565050101E+001	-1.9577104349498988E+000	-4.6663173335964471E-007	3.8330134316637006E+000	5.4835470717742494E+000	2.5990055090123492E+000	6.0240396535074303E-001	9.7160559518110023E-001	5.9077058830053253E-001 
170	8.3776178022840032E+006	2.3031524676166121E+001	-1.9684753238338786E+000	-2.7229370094064243E-006	3.7741497093631797E+000	5.4850361027557355E+000	2.7174774691041348E+000	3.6525710421241542E-001	9.6014018563242765E-001	5.9037390172583670E-001 
175	8.3832051859433828E+006	2.3019382843725722E+001	-1.9806171562742776E+000	-4.2977658210238761E-007	3.7465581304216151E+000	5.4841934190795980E+000	2.7722392851491953E+000	2.5550445900462770E-001	9.4843727421174684E-001	5.9008478611618986E-001 
180	8.3884048767052134E+006	2.3016727068987553E+001	-1.9832729310124471E+000	-5.5505436589362351E-007	3.7289894688972702E+000	5.4840974327696204E+000	2.8073286150428953E+000	1.8527569123384535E-001	9.3767203791730591E-001	5.8981633626639784E-001 
185	8.3967790306740478E+006	2.3011503483270349E+001	-1.9884965167296507E+000	-6.6529422492844797E-007	3.7164416174917028E+000	5.4842151678239031E+000	2.8324831853811721E+000	1.3486797738012471E-001	9.2019541200021715E-001	5.8951939737219805E-001 
190	8.4102656893823929E+006	2.3001661097687428E+001	-1.9983389023125717E+000	-7.6662976412474367E-007	3.7065339133596127E+000	5.4847892544772430E+000	2.8525856369720226E+000	9.4477279813205861E-002	8.9203317115646530E-001	5.8920364580497564E-001 
195	8.4319860880987756E+006	2.2983510709509869E+001	-2.0164892904901315E+000	-8.7698512626358974E-007	3.6970494161919873E+000	5.4859096483443297E+000	2.8721148282408162E+000	5.5076064421918779E-002	8.4708399954852842E-001	5.8875202950733818E-001 
200	8.4555268598354720E+006	2.2960966426940630E+001	-2.0390335730593705E+000	-1.0184707905445424E-006	3.6867581886810705E+000	5.4869787398780643E+000	2.8932318290295167E+000	1.2415858916895239E-002	7.9917426345978626E-001	5.8819721824570870E-001 
205	8.4754102767457236E+006	2.2938843571938595E+001	-2.0611564280614054E+000	-1.1840231914748475E-006	3.6768969020800699E+000	5.4878457482927585E+000	2.9133879064388655E+000	-2.8314939665057531E-002	7.5933524815372633E-001	5.8749930512612036E-001 
210	8.4914697804932538E+006	2.2918490096418090E+001	-2.0815099035819102E+000	-1.3215398799091303E-006	3.6695560367051030E+000	5.4886032247332661E+000	2.9284483754090536E+000	-5.8821395121584338E-002	7.2758043672456563E-001	5.8690657045208172E-001 
215	8.5082624610480368E+006	2.2895061669649579E+001	-2.1049383303504214E+000	-1.4467311978377499E-006	3.6633729328099758E+000	5.4895969799335695E+000	2.9413114607994602E+000	-8.4991750514154529E-002	6.9474016621892332E-001	5.8634620780666646E-001 
220	8.5257010110624749E+006	2.2868354843915800E+001	-2.1316451560842005E+000	-1.5853066058823161E-006	3.6574830616661274E+000	5.4907529900480956E+000	2.9536692081444196E+000	-1.1021414041626104E-001	6.6145925732525823E-001	5.8577638876965776E-001 
225	8.5440503935065940E+006	2.2837966167756850E+001	-2.1620338322431500E+000	-1.7028164707082071E-006	3.6526138620525943E+000	5.4920963591335896E+000	2.9640792919142331E+000	-1.3161180516068313E-001	6.2658761375436600E-001	5.8522897321677370E-001 
230	8.5628406992120016E+006	2.2804547964160694E+001	-2.1954520358393061E+000	-1.8206710334885543E-006	3.6482608113827291E+000	5.4936300823735813E+000	2.9735522548739599E+000	-1.5119368833561989E-001	5.9081839610720199E-001	5.8460980579977240E-001 
235	8.5810047419422306E+006	2.2770117841800023E+001	-2.2298821581999775E+000	-1.9409997172473216E-006	3.6444189444122341E+000	5.4952640433813400E+000	2.9820529693188282E+000	-1.6885130700679493E-001	5.5684331681560684E-001	5.8405492190199682E-001 
240	8.5998280159636773E+006	2.2732365401994695E+001	-2.2676345980053050E+000	-2.0517535232938210E-006	3.6407498759475190E+000	5.4970091334117992E+000	2.9902636512634881E+000	-1.8599332079823469E-001	5.2246127739875514E-001	5.8351266530257551E-001 
245	8.6199484659672454E+006	2.2689782087569384E+001	-2.3102179124306161E+000	-2.1588407864259719E-006	3.6377090445803275E+000	5.4989650094020872E+000	2.9973232519930151E+000	-2.0092682562761707E-001	4.8524350197003291E-001	5.8291301214031532E-001 
250	8.6389531340996306E+006	2.2647819537629353E+001	-2.3521804623706473E+000	-2.2333248596197621E-006	3.6357884776635321E+000	5.5008445748948382E+000	3.0021041685729806E+000	-2.1129258790758101E-001	4.4844717675134299E-001	5.8244779875247010E-001 
255	8.6605718423443362E+006	2.2598461848628702E+001	-2.4015381513712981E+000	-2.3218207273520678E-006	3.6334664367240221E+000	5.5029195870830687E+000	3.0077857565461161E+000	-2.2360327953109757E-001	4.1053340870980737E-001	5.8184897878015607E-001 
260	8.6817638314797971E+006	2.2548692027665723E+001	-2.4513079723342770E+000	-2.3628408537658913E-006	3.6323429812900634E+000	5.5049643510286934E+000	3.0110550493868464E+000	-2.3109939035023008E-001	3.7339705144768537E-001	5.8132688753931949E-001 
265	8.7031321514704004E+006	2.2497323308981723E+001	-2.5026766910182765E+000	-2.4257343185103840E-006	3.6309951859522944E+000	5.5070283852017541E+000	3.0147826571489151E+000	-2.3954511127515032E-001	3.3371663335584606E-001	5.8073858620287389E-001 
270	8.7259813569207340E+006	2.2441123091108960E+001	-2.5588769088910404E+000	-2.4862211973990420E-006	3.6296542946777461E+000	5.5091452588710146E+000	3.0185228765326411E+000	-2.4811181177097263E-001	2.9840551018925687E-001	5.8008335539061029E-001 
275	8.7498562117393352E+006	2.2380661606074820E+001	-2.6193383939251795E+000	-2.5495480487715116E-006	3.6283859797406528E+000	5.5113821056201227E+000	3.0221779297813818E+000	-2.5659358536836752E-001	2.6356468544514061E-001	5.7948511408173153E-001 
280	8.7661006017528530E+006	2.2338907763887857E+001	-2.6610922361121432E+000	-2.6046224541369982E-006	3.6275065601564815E+000	5.5128749414473672E+000	3.0246831868633479E+000	-2.6241508536176505E-001	2.3657706674260842E-001	5.7863146597579829E-001 
285	8.7737021621689107E+006	2.2319080079417844E+001	-2.6809199205821557E+000	-2.6125708769365436E-006	3.6276222460338938E+000	5.5136366308744993E+000	3.0248326598220889E+000	-2.6309967581613425E-001	2.2441268062775019E-001	5.7829573910511545E-001 
290	8.7853348230589796E+006	2.2288646042608917E+001	-2.7113539573910828E+000	-2.6300775904200850E-006	3.6268423055296712E+000	5.5146223138483501E+000	3.0268853823174595E+000	-2.6779772381303607E-001	2.0595096660471132E-001	5.7789377504093031E-001 
295	8.8040693397490475E+006	2.2238848582411809E+001	-2.7611514175881915E+000	-2.6716187182302616E-006	3.6259563606777503E+000	5.5162395639035795E+000	3.0294658970489152E+000	-2.7393014281289879E-001	1.7903816607925307E-001	5.7699263423378122E-001 
300	8.8198841183306389E+006	2.2196220524966765E+001	-2.8037794750332345E+000	-2.7173516959093104E-006	3.6250333640402501E+000	5.5175776923003079E+000	3.0319809545222793E+000	-2.7979352464426893E-001	1.5664370910013417E-001	5.7598677047378255E-001 
305	8.8381382548477259E+006	2.2145982813769788E+001	-2.8540171862302124E+000	-2.7689607385909869E-006	3.6237281640066836E+000	5.5190841610299968E+000	3.0353445889542567E+000	-2.8750486594705665E-001	1.3728081664366029E-001	5.7463259418041568E-001 
310	8.8552451871624365E+006	2.2097917820893294E+001	-2.9020821791067064E+000	-2.8305067065141873E-006	3.6223861389647554E+000	5.5203739376961449E+000	3.0386735273711887E+000	-2.9510634716893563E-001	1.1472459364869440E-001	5.7267482469362174E-001 
315	8.8734992822952531E+006	2.2045319808346935E+001	-2.9546801916530647E+000	-2.9268540858734253E-006	3.6205901315679099E+000	5.5216224400004545E+000	3.0428897933170345E+000	-3.0457382976407266E-001	9.6030912299892496E-002	5.6971420013455309E-001 
320	8.8925622968828157E+006	2.1988878648155971E+001	-3.0111213518440287E+000	-2.9961508041049796E-006	3.6186853240365497E+000	5.5227570680500397E+000	3.0472667224045469E+000	-3.1444100888990534E-001	7.4236460810352303E-002	5.6595599702248356E-001 
325	8.9079128846945260E+006	2.1941685282785041E+001	-3.0583147172149587E+000	-3.1163127888277680E-006	3.6159931578737114E+000	5.5233296481089020E+000	3.0529373447596542E+000	-3.2671535457645773E-001	6.1042224846305358E-002	5.6062292831088589E-001 
330	8.9222987454795670E+006	2.1895673327605770E+001	-3.1043266723942295E+000	-3.2506348525239916E-006	3.6132554542591397E+000	5.5238472892068042E+000	3.0586715725377491E+000	-3.3909548666643130E-001	4.9108544105949448E-002	5.5336408165196294E-001 
335	8.9338830318060275E+006	2.1857017601551696E+001	-3.1429823984483036E+000	-3.3959359035317002E-006	3.6103056214573845E+000	5.5239149787142043E+000	3.0646050828949591E+000	-3.5172991036936996E-001	3.6467336607042905E-002	5.4690575434958444E-001 
340	8.9446555291862953E+006	2.1819467666138188E+001	-3.1805323338618123E+000	-3.5619984836210577E-006	3.6070648298213310E+000	5.5239502533299261E+000	3.0711043034749279E+000	-3.6547510272340311E-001	2.6525842774930874E-002	5.3967522735581952E-001 
345	8.9560165361629482E+006	2.1777986892180856E+001	-3.2220131078191443E+000	-3.7221516917019285E-006	3.6037004108286941E+000	5.5239915887851376E+000	3.0778538091878063E+000	-3.7980053288636761E-001	1.4687623664759255E-002	5.3060644054156458E-001 
350	8.9624730037893709E+006	2.1753211659777168E+001	-3.2467883402228317E+000	-3.9303206889673683E-006	3.5999768621670496E+000	5.5236623865389731E+000	3.0851363053880134E+000	-3.9485987178954146E-001	7.7581119611003181E-003	5.2306909460291273E-001 
355	8.9653597847170532E+006	2.1741666955531201E+001	-3.2583330444687988E+000	-4.0368607220824213E-006	3.5985399769923005E+000	5.5246030427209405E+000	3.0884804038284952E+000	-4.0177861542113802E-001	4.6941720108221747E-003	5.1762713140063954E-001 
360	8.9694911327867471E+006	2.1724665414916313E+001	-3.2753345850836872E+000	-4.1529911841992739E-006	3.5973003746311489E+000	5.5264620445213417E+000	3.0918891094510004E+000	-4.0893576895618200E-001	5.6030644380091691E-004	5.1087851124992556E-001 
365	8.9720901522937305E+006	2.1714370274357798E+001	-3.2856297256422025E+000	-3.5115685065878606E-006	3.6171037062067533E+000	5.5385910828229816E+000	3.0583469654506099E+000	-3.4205733832528762E-001	9.2051095568052833E-017	5.0578369799914602E-001 
370	8.9732408191818781E+006	2.1710931973195070E+001	-3.2890680268049302E+000	-2.7808625919095387E-006	3.6321866991516889E+000	5.5597150805370674E+000	3.0387429784177824E+000	-3.0291813684832730E-001	4.0917214816565361E-016	5.0236447779934168E-001 
375	8.9741497854542956E+006	2.1708553563919679E+001	-3.2914464360803208E+000	-2.5150388050407598E-006	3.6403042503824121E+000	5.5711653865879134E+000	3.0282330289817585E+000	-2.8194581707641281E-001	1.3470228392258263E-015	4.9668178751682091E-001 
380	8.9749724875684194E+006	2.1706569309565442E+001	-3.2934306904345583E+000	-2.3392008760561593E-006	3.6468923460568634E+000	5.5799323006988564E+000	3.0194402946883279E+000	-2.6440004667121236E-001	3.7963230379602553E-015	4.9112433440239794E-001 
385	8.9760620543746948E+006	2.1704151621591819E+001	-3.2958483784081807E+000	-2.1327605954150483E-006	3.6548132043472781E+000	5.5856028398342517E+000	3.0064338476751962E+000	-2.3843552726414327E-001	1.2961238761155334E-014	4.8520374565773594E-001 
390	8.9771321090304144E+006	2.1701983036373512E+001	-3.2980169636264876E+000	-1.9331716427640409E-006	3.6604669948748074E+000	5.5825643360970210E+000	2.9936070147515226E+000	-2.1282525641623826E-001	5.5732508215424537E-014	4.8063922688995747E-001 
395	8.9775495826044306E+006	2.1701210102844769E+001	-3.2987898971552312E+000	-1.8095685454871629E-006	3.6642910456225017E+000	5.5802955243574068E+000	2.9848245073863264E+000	-1.9527570970753558E-001	2.2422494918691335E-013	4.7942167487488963E-001 
400	8.9777029720447939E+006	2.1700936447429950E+001	-3.2990635525700505E+000	-1.7571200375425039E-006	3.6660269514945449E+000	5.5789724702357688E+000	2.9806911685814210E+000	-1.8701450864881933E-001	1.0197463783722139E-012	4.7903688822700186E-001 
405	8.9777100081006661E+006	2.1700924305814016E+001	-3.2990756941859836E+000	-1.6086534330879355E-006	3.6678168675205187E+000	5.5858121380602315E+000	2.9805311704417043E+000	-1.8669475535605551E-001	5.9794138891091513E-014	4.7902351875556004E-001 
410	8.9777108836531751E+006	2.1700923030735140E+001	-3.2990769692648598E+000	-1.1942750266063102E-006	3.6674433228394574E+000	5.5845100529637062E+000	2.9806272172555648E+000	-1.8688687450157129E-001	1.7411843694002672E-013	4.7902192844914693E-001 
415	8.9777110271036979E+006	2.1700922904505582E+001	-3.2990770954944182E+000	-5.7539735276236709E-007	3.6671415591007301E+000	5.5837922066841603E+000	2.9808718215932468E+000	-1.8737608570313283E-001	6.2355844588732770E-013	4.7902166841828353E-001 
420	8.9777110487006661E+006	2.1700922895834733E+001	-3.2990771041652671E+000	-6.2216003113863043E-008	3.6673315809381939E+000	5.5852787073944583E+000	2.9812350282734683E+000	-1.8810249923710312E-001	8.4086119830671136E-012	4.7902163014779930E-001 
425	8.9777110555816572E+006	2.1700922894866448E+001	-3.2990771051335521E+000	-1.2613577721657962E-007	3.6674234913495427E+000	5.5861570252729056E+000	2.9814903663899930E+000	-1.8861317548952991E-001	1.1904542938069234E-011	4.7902161844910368E-001 
430	8.9777110664849710E+006	2.1700922894251782E+001	-3.2990771057482178E+000	-8.7914793659640437E-009	3.6669788892153772E+000	5.5848405410149118E+000	2.9817213285293285E+000	-1.8907509978050194E-001	3.5618123116754913E-011	4.7902159977326186E-001 
435	8.9777110832847897E+006	2.1700922894251782E+001	-3.2990771057482178E+000	0.0000000000000000E+000	3.6660959369907258E+000	5.5816043362825054E+000	2.9818691306124272E+000	-1.8937070394669975E-001	6.6112612293941992E-011	4.7902157197552186E-001 
440	8.9777111015420966E+006	2.1700922894251782E+001	-3.2990771057482178E+000	0.0000000000000000E+000	3.6654245863503978E+000	5.5790404298291847E+000	2.9819298786664228E+000	-1.8949220005469081E-001	8.3769826937372536E-011	4.7902154162590138E-001 
445	8.9777111178756636E+006	2.1700922894251782E+001	-3.2990771057482178E+000	0.0000000000000000E+000	3.6650076149037671E+000	5.5775006629116453E+000	2.9819939381009144E+000	-1.8962031892367412E-001	8.5055667076911151E-011	4.7902151511538643E-001 
450	8.9777111331911180E+006	2.1700922894251782E+001	-3.2990771057482178E+000	0.0000000000000000E+000	3.6646100843491096E+000	5.5759261982068447E+000	2.9820017668578300E+000	-1.8963597643750563E-001	8.1166630217593630E-011	4.7902148977873588E-001 
455	8.9777111518391129E+006	2.1700922894251782E+001	-3.2990771057482178E+000	0.0000000000000000E+000	3.6642035488470310E+000	5.5741696030529049E+000	2.9819365402850164E+000	-1.8950552329187811E-001	7.6255648734845399E-011	4.7902145933425505E-001 
460	8.9777111687699631E+006	2.1700922894251782E+001	-3.2990771057482178E+000	0.0000000000000000E+000	3.6639608798606194E+000	5.5730683454105785E+000	2.9818712494366775E+000	-1.8937494159519999E-001	6.7765030556420050E-011	4.7902143104162742E-001 
465	8.9777111826756615E+006	2.1700922894251782E+001	-3.2990771057482178E+000	0.0000000000000000E+000	3.6638213833354483E+000	5.5723859823542252E+000	2.9818090609588439E+000	-1.8925056463953263E-001	6.5688542038860305E-011	4.7902140819542971E-001 
470	8.9777111957159713E+006	2.1700922894251782E+001	-3.2990771057482178E+000	0.0000000000000000E+000	3.6637277775605748E+000	5.5718418996365608E+000	2.9817242311497569E+000	-1.8908090502135871E-001	6.6988115667054134E-011	4.7902138632352936E-001 
475	8.9777112061509006E+006	2.1700922894251782E+001	-3.2990771057482178E+000	0.0000000000000000E+000	3.6637516587884571E+000	5.5717925048574699E+000	2.9816517713044468E+000	-1.8893598533073924E-001	7.4866521850332478E-011	4.7902136906083614E-001 
480	8.9777112142508626E+006	2.1700922894251782E+001	-3.2990771057482178E+000	0.0000000000000000E+000	3.6638091960383403E+000	5.5719302487715874E+000	2.9816055687617400E+000	-1.8884358024532555E-001	9.0517975841514181E-011	4.7902135539644708E-001 
485	8.9777112208585478E+006	2.1700922894251782E+001	-3.2990771057482178E+000	0.0000000000000000E+000	3.6639219101213643E+000	5.5722880652244458E+000	2.9815590488221209E+000	-1.8875054036608704E-001	1.3249989948870457E-010	4.7902134444609135E-001 
490	8.9777112274002675E+006	2.1700922894251782E+001	-3.2990771057482178E+000	0.0000000000000000E+000	3.6640489029242946E+000	5.5727341098288434E+000	2.9815280855184594E+000	-1.8868861375876445E-001	2.2958520894591260E-010	4.7902133333958885E-001 
495	8.9777112319637723E+006	2.1700922894251782E+001	-3.2990771057482178E+000	0.0000000000000000E+000	3.6642088227448655E+000	5.5732443169660364E+000	2.9814633494459146E+000	-1.8855914161367424E-001	6.3794918121409923E-010	4.7902132575684025E-001 
500	8.9777112350278292E+006	2.1700922894251782E+001	-3.2990771057482178E+000	0.0000000000000000E+000	3.6643888169511087E+000	5.5737595805710454E+000	2.9813609928359313E+000	-1.8835442839370822E-001	3.0818085718485693E-009	4.7902132057202429E-001 
505	8.9777112361897472E+006	2.1700922894251782E+001	-3.2990771057482178E+000	0.0000000000000000E+000	3.6644552056924691E+000	5.5739278149783429E+000	2.9813123325568607E+000	-1.8825710783556698E-001	4.1075684211963800E-009	4.7902131865880498E-001 
510	8.9777112367208879E+006	2.1700922894251782E+001	-3.2990771057482178E+000	0.0000000000000000E+000	3.6646090885871381E+000	5.5744996591050713E+000	2.9812904888308855E+000	-1.8821342038361674E-001	3.6564960479945233E-009	4.7902131777475621E-001 
515	8.9777112371827997E+006	2.1700922894251782E+001	-3.2990771057482178E+000	0.0000000000000000E+000	3.6647489330217820E+000	5.5750193827239070E+000	2.9812706617710152E+000	-1.8817376626387572E-001	3.5392843206934342E-009	4.7902131702249434E-001 
520	8.9777112376041897E+006	2.1700922894251782E+001	-3.2990771057482178E+000	0.0000000000000000E+000	3.6648704918878576E+000	5.5754610212771443E+000	2.9812483633154838E+000	-1.8812916935281249E-001	3.7882765735318336E-009	4.7902131632417194E-001 
525	8.9777112379877288E+006	2.1700922894251782E+001	-3.2990771057482178E+000	0.0000000000000000E+000	3.6649779786463164E+000	5.5758501168227781E+000	2.9812279375713819E+000	-1.8808831786460931E-001	4.2848261521074808E-009	4.7902131570037837E-001 
530	8.9777112383717932E+006	2.1700922894251782E+001	-3.2990771057482178E+000	0.0000000000000000E+000	3.6650824274714400E+000	5.5762120785522500E+000	2.9812000207858711E+000	-1.8803248429358779E-001	5.3763742079176312E-009	4.7902131506368573E-001 
535	8.9777112388375737E+006	2.1700922894251782E+001	-3.2990771057482178E+000	0.0000000000000000E+000	3.6651940671080725E+000	5.5765697970572621E+000	2.9811556007651121E+000	-1.8794364425206952E-001	7.6088835488661825E-009	4.7902131430235639E-001 
540	8.9777112392511833E+006	2.1700922894251782E+001	-3.2990771057482178E+000	0.0000000000000000E+000	3.6652885283273515E+000	5.5768907542930446E+000	2.9811271569444457E+000	-1.8788675661073698E-001	1.0051854515993815E-008	4.7902131361434080E-001 
545	8.9777112394726481E+006	2.1700922894251782E+001	-3.2990771057482178E+000	0.0000000000000000E+000	3.6653438354705083E+000	5.5770966188385627E+000	2.9811194749308916E+000	-1.8787139258362864E-001	1.0087268863799556E-008	4.7902131325434166E-001 
550	8.9777112396049891E+006	2.1700922894251782E+001	-3.2990771057482178E+000	0.0000000000000000E+000	3.6654028665684608E+000	5.5773513281703044E+000	2.9811287674008575E+000	-1.8788997752356007E-001	8.8609868008397751E-009	4.7902131303649798E-001 
555	8.9777112397593595E+006	2.1700922894251782E+001	-3.2990771057482178E+000	0.0000000000000000E+000	3.6654407826922641E+000	5.5775554309141508E+000	2.9811549865251741E+000	-1.8794241577219375E-001	6.2958527020059121E-009	4.7902131278712695E-001 
560	8.9777112400079723E+006	2.1700922894251782E+001	-3.2990771057482178E+000	0.0000000000000000E+000	3.6654948528117406E+000	5.5778685836629478E+000	2.9812034226606188E+000	-1.8803928804308298E-001	3.4653969493107653E-009	4.7902131237530376E-001 
565	8.9777112404083703E+006	2.1700922894251782E+001	-3.2990771057482178E+000	0.0000000000000000E+000	3.6655234944029238E+000	5.5781001212731045E+000	2.9812619082833307E+000	-1.8815625928850624E-001	1.7015283671730745E-009	4.7902131171911078E-001 
570	8.9777112410532143E+006	2.1700922894251782E+001	-3.2990771057482178E+000	0.0000000000000000E+000	3.6655203899792927E+000	5.5781995140472356E+000	2.9813178135176579E+000	-1.8826806975716118E-001	8.7222368025130819E-010	4.7902131063391828E-001 
575	8.9777112420917414E+006	2.1700922894251782E+001	-3.2990771057482178E+000	0.0000000000000000E+000	3.6655060165939748E+000	5.5782405448048760E+000	2.9813670756671145E+000	-1.8836659405607423E-001	5.0562865814793865E-010	4.7902130890701222E-001 
580	8.9777112430782560E+006	2.1700922894251782E+001	-3.2990771057482178E+000	0.0000000000000000E+000	3.6654657645673310E+000	5.5781308850025599E+000	2.9813927498192450E+000	-1.8841794236033527E-001	3.8150606144338305E-010	4.7902130722857666E-001 
585	8.9777112438858915E+006	2.1700922894251782E+001	-3.2990771057482178E+000	0.0000000000000000E+000	3.6654371819205838E+000	5.5780357921653954E+000	2.9814023686941562E+000	-1.8843718011015725E-001	3.4409185724389733E-010	4.7902130588371222E-001 
590	8.9777112447438892E+006	2.1700922894251782E+001	-3.2990771057482178E+000	0.0000000000000000E+000	3.6654099792410433E+000	5.5779301054410562E+000	2.9814039306910680E+000	-1.8844030410398102E-001	3.4455704059053752E-010	4.7902130442938723E-001 
595	8.9777112453724518E+006	2.1700922894251782E+001	-3.2990771057482178E+000	0.0000000000000000E+000	3.6654075287062153E+000	5.5779068473666094E+000	2.9813972027234996E+000	-1.8842684816884475E-001	3.7345626161913140E-010	4.7902130338626175E-001 
600	8.9777112459820788E+006	2.1700922894251782E+001	-3.2990771057482178E+000	0.0000000000000000E+000	3.6654109813783573E+000	5.5778920039635720E+000	2.9813828756776979E+000	-1.8839819407724107E-001	4.3345566183621256E-010	4.7902130235629053E-001 
605	8.9777112466200273E+006	2.1700922894251782E+001	-3.2990771057482178E+000	0.0000000000000000E+000	3.6654375014051324E+000	5.5779463411805503E+000	2.9813570042326369E+000	-1.8834645118711899E-001	5.6051286896626828E-010	4.7902130129910203E-001 
610	8.9777112471766416E+006	2.1700922894251782E+001	-3.2990771057482178E+000	0.0000000000000000E+000	3.6654728386149049E+000	5.5780109152423636E+000	2.9813186168439976E+000	-1.8826967640984085E-001	8.2199783484898942E-010	4.7902130036074286E-001 
615	8.9777112477100268E+006	2.1700922894251782E+001	-3.2990771057482178E+000	0.0000000000000000E+000	3.6655336147537856E+000	5.5781310316365662E+000	2.9812571227633384E+000	-1.8814668824852226E-001	1.5109421836504193E-009	4.7902129947880778E-001 
620	8.9777112481861711E+006	2.1700922894251782E+001	-3.2990771057482178E+000	0.0000000000000000E+000	3.6656144442350009E+000	5.5782396652927471E+000	2.9811497806289986E+000	-1.8793200397984272E-001	4.2518236381567463E-009	4.7902129867912302E-001 
625	8.9777112483197451E+006	2.1700922894251782E+001	-3.2990771057482178E+000	0.0000000000000000E+000	3.6656502443269279E+000	5.5783030558110935E+000	2.9811098757043180E+000	-1.8785219413048110E-001	6.7375618506087923E-009	4.7902129845934005E-001 
630	8.9777112483639047E+006	2.1700922894251782E+001	-3.2990771057482178E+000	0.0000000000000000E+000	3.6657251521275960E+000	5.5785942808911164E+000	2.9811056726429928E+000	-1.8784378800783108E-001	8.1051619434509199E-009	4.7902129838624330E-001 
635	8.9777112484309170E+006	2.1700922894251782E+001	-3.2990771057482178E+000	0.0000000000000000E+000	3.6657793245419286E+000	5.5787719669222735E+000	2.9810861708299057E+000	-1.8780478438165671E-001	1.0396358361854651E-008	4.7902129827947260E-001 
640	8.9777112484633960E+006	2.1700922894251782E+001	-3.2990771057482178E+000	0.0000000000000000E+000	3.6658247395358781E+000	5.5789357588493793E+000	2.9810772368055600E+000	-1.8778691633296574E-001	1.1831331078440813E-008	4.7902129822559469E-001 
645	8.9777112484651040E+006	2.1700922894251782E+001	-3.2990771057482178E+000	0.0000000000000000E+000	3.6658120434122776E+000	5.5788843469204998E+000	2.9810769230883207E+000	-1.8778628889848692E-001	1.1933546410282787E-008	4.7902129822305006E-001 
650	8.9777112484677192E+006	2.1700922894251782E+001	-3.2990771057482178E+000	0.0000000000000000E+000	3.6658397813335482E+000	5.5789961727176394E+000	2.9810773601443499E+000	-1.8778716301054535E-001	1.2060576714588020E-008	4.7902129821865902E-001 
655	8.9777112484719288E+006	2.1700922894251782E+001	-3.2990771057482178E+000	0.0000000000000000E+000	3.6658211179529161E+000	5.5789165609698959E+000	2.9810748810317409E+000	-1.8778220478532714E-001	1.2239924032218144E-008	4.7902129821214545E-001 
660	8.9777112484787088E+006	2.1700922894251782E+001	-3.2990771057482178E+000	0.0000000000000000E+000	3.6658615343436818E+000	5.5790790704507005E+000	2.9810753029906127E+000	-1.8778304870307061E-001	1.2454713982836099E-008	4.7902129820101275E-001 
665	8.9777112484896276E+006	2.1700922894251782E+001	-3.2990771057482178E+000	0.0000000000000000E+000	3.6658473926508295E+000	5.5790193935601575E+000	2.9810737479310463E+000	-1.8777993858393782E-001	1.2752312165253841E-008	4.7902129818380762E-001 
670	8.9777112485072166E+006	2.1700922894251782E+001	-3.2990771057482178E+000	0.0000000000000000E+000	3.6659040714744506E+000	5.5792411947573823E+000	2.9810712908824164E+000	-1.8777502448667774E-001	1.3469011046162405E-008	4.7902129815519218E-001 
675	8.9777112485355418E+006	2.1700922894251782E+001	-3.2990771057482178E+000	0.0000000000000000E+000	3.6659019859254776E+000	5.5792109210019953E+000	2.9810603251026699E+000	-1.8775309292718498E-001	1.5202039380417877E-008	4.7902129810976557E-001 
680	8.9777112485811599E+006	2.1700922894251782E+001	-3.2990771057482178E+000	0.0000000000000000E+000	3.6659422088914222E+000	5.5793298459296334E+000	2.9810393416345997E+000	-1.8771112599104500E-001	1.9751031312386663E-008	4.7902129803470550E-001 
685	8.9777112486469522E+006	2.1700922894251782E+001	-3.2990771057482178E+000	0.0000000000000000E+000	3.6659509128169714E+000	5.5793003128275567E+000	2.9810071672324621E+000	-1.8764677718676959E-001	3.1334199634170671E-008	4.7902129792826120E-001 
690	8.9777112486990597E+006	2.1700922894251782E+001	-3.2990771057482178E+000	0.0000000000000000E+000	3.6660071648373522E+000	5.5794436966651624E+000	2.9809663551105037E+000	-1.8756515294285298E-001	4.6658931865087185E-008	4.7902129784221620E-001 
695	8.9777112487373743E+006	2.1700922894251782E+001	-3.2990771057482178E+000	0.0000000000000000E+000	3.6660109559610770E+000	5.5794100839072129E+000	2.9809419664840786E+000	-1.8751637569000279E-001	6.7726036196071814E-008	4.7902129778056302E-001 
700	8.9777112487700935E+006	2.1700922894251782E+001	-3.2990771057482178E+000	0.0000000000000000E+000	3.6660689365794319E+000	5.5796036923671242E+000	2.9809228094773248E+000	-1.8747806167649442E-001	1.1439582705837053E-007	4.7902129772678798E-001 
705	8.9777112487987559E+006	2.1700922894251782E+001	-3.2990771057482178E+000	0.0000000000000000E+000	3.6660702521591118E+000	5.5795719295042705E+000	2.9809042968865382E+000	-1.8744103649492136E-001	2.0890838535402700E-007	4.7902129768084706E-001 
710	8.9777112488264386E+006	2.1700922894251782E+001	-3.2990771057482178E+000	0.0000000000000000E+000	3.6661303041161952E+000	5.5797815176424397E+000	2.9808889870414568E+000	-1.8741041680475859E-001	4.4223403466026719E-007	4.7902129763537465E-001 
715	8.9777112488446683E+006	2.1700922894251782E+001	-3.2990771057482178E+000	0.0000000000000000E+000	3.6661209891720956E+000	5.5797301381226108E+000	2.9808819271697402E+000	-1.8739629706132546E-001	8.4188362104884418E-007	4.7902129760635109E-001 
720	8.9777112488556951E+006	2.1700922894251782E+001	-3.2990771057482178E+000	0.0000000000000000E+000	3.6661638543370416E+000	5.5799047673021764E+000	2.9808835114296315E+000	-1.8739946558110795E-001	1.3444678084906179E-006	4.7902129758822160E-001 
725	8.9777112488651313E+006	2.1700922894251782E+001	-3.2990771057482178E+000	0.0000000000000000E+000	3.6661442077486273E+000	5.5798328814984819E+000	2.9808868617046125E+000	-1.8740616613107014E-001	2.0920947798339142E-006	4.7902129757334921E-001 
730	8.9777112488722485E+006	2.1700922894251782E+001	-3.2990771057482178E+000	0.0000000000000000E+000	3.6661819662012101E+000	5.5799999065833319E+000	2.9808948573418728E+000	-1.8742215740559040E-001	2.9212148367231032E-006	4.7902129756166850E-001 
735	8.9777112488764245E+006	2.1700922894251782E+001	-3.2990771057482178E+000	0.0000000000000000E+000	3.6661587620442488E+000	5.5799168117864051E+000	2.9808997182573322E+000	-1.8743187923650975E-001	3.4729388607855881E-006	4.7902129755523432E-001 
740	8.9777112488807570E+006	2.1700922894251782E+001	-3.2990771057482178E+000	0.0000000000000000E+000	3.6661891775941364E+000	5.5800568701706998E+000	2.9809089163497027E+000	-1.8745027542125101E-001	4.0778049034867914E-006	4.7902129754813205E-001 
745	8.9777112488852497E+006	2.1700922894251782E+001	-3.2990771057482178E+000	0.0000000000000000E+000	3.6661668961868337E+000	5.5799833811130970E+000	2.9809167346355081E+000	-1.8746591199286158E-001	4.6905488334389967E-006	4.7902129754116957E-001 
750	8.9777112488896884E+006	2.1700922894251782E+001	-3.2990771057482178E+000	0.0000000000000000E+000	3.6661988437109470E+000	5.5801318510861799E+000	2.9809270745738217E+000	-1.8748659186948857E-001	5.2211118455079584E-006	4.7902129753384859E-001 
755	8.9777112488962486E+006	2.1700922894251782E+001	-3.2990771057482178E+000	0.0000000000000000E+000	3.6661752533343139E+000	5.5800646098790843E+000	2.9809406347235403E+000	-1.8751371216892582E-001	5.8127054570952074E-006	4.7902129752360911E-001 
760	8.9777112489060517E+006	2.1700922894251782E+001	-3.2990771057482178E+000	0.0000000000000000E+000	3.6662144575231825E+000	5.5802628126431983E+000	2.9809613277278593E+000	-1.8755509817756399E-001	6.3423342937337449E-006	4.7902129750751860E-001 
765	8.9777112489218414E+006	2.1700922894251782E+001	-3.2990771057482178E+000	0.0000000000000000E+000	3.6661956071427459E+000	5.5802371640338544E+000	2.9809862041840618E+000	-1.8760485108996880E-001	6.6101822123385558E-006	4.7902129748233385E-001 
770	8.9777112489472758E+006	2.1700922894251782E+001	-3.2990771057482178E+000	0.0000000000000000E+000	3.6662405829918634E+000	5.5804788147096884E+000	2.9810170778237439E+000	-1.8766659836933267E-001	6.5122456472104227E-006	4.7902129744036481E-001 
775	8.9777112489882391E+006	2.1700922894251782E+001	-3.2990771057482178E+000	0.0000000000000000E+000	3.6662328135874267E+000	5.5805008626684849E+000	2.9810436406120155E+000	-1.8771972394587677E-001	6.2060659493548786E-006	4.7902129737396015E-001 
780	8.9777112490542084E+006	2.1700922894251782E+001	-3.2990771057482178E+000	0.0000000000000000E+000	3.6662663509113322E+000	5.5806767396572576E+000	2.9810645044585899E+000	-1.8776145163902525E-001	6.0640616728291690E-006	4.7902129726409404E-001 
785	8.9777112491555326E+006	2.1700922894251782E+001	-3.2990771057482178E+000	0.0000000000000000E+000	3.6662569323090977E+000	5.5806542638209802E+000	2.9810721037449208E+000	-1.8777665021168718E-001	6.5183742517548004E-006	4.7902129709764729E-001 
790	8.9777112492417619E+006	2.1700922894251782E+001	-3.2990771057482178E+000	0.0000000000000000E+000	3.6662761725611386E+000	5.5807282225960959E+000	2.9810706026283964E+000	-1.8777364797863849E-001	7.3123348633860287E-006	4.7902129695356849E-001 
795	8.9777112493261956E+006	2.1700922894251782E+001	-3.2990771057482178E+000	0.0000000000000000E+000	3.6662625933249480E+000	5.5806602303710209E+000	2.9810637649882405E+000	-1.8775997269832648E-001	8.4510318929719171E-006	4.7902129681560057E-001 
800	8.9777112494121809E+006	2.1700922894251782E+001	-3.2990771057482178E+000	0.0000000000000000E+000	3.6662868216738582E+000	5.5807393814097814E+000	2.9810548838098008E+000	-1.8774221034144714E-001	1.0108525228894188E-005	4.7902129667246973E-001 
805	8.9777112494934127E+006	2.1700922894251782E+001	-3.2990771057482178E+000	0.0000000000000000E+000	3.6662794830028504E+000	5.5806865549579614E+000	2.9810431479259067E+000	-1.8771873857365889E-001	1.2435315569361256E-005	4.7902129653986442E-001 
810	8.9777112495778315E+006	2.1700922894251782E+001	-3.2990771057482178E+000	0.0000000000000000E+000	3.6663140839319501E+000	5.5807966523016939E+000	2.9810289947395727E+000	-1.8769043220099033E-001	1.5782874973546381E-005	4.7902129639945429E-001 
815	8.9777112496622317E+006	2.1700922894251782E+001	-3.2990771057482178E+000	0.0000000000000000E+000	3.6663165360286039E+000	5.5807640895319865E+000	2.9810078091614121E+000	-1.8764806104466986E-001	2.1666026017144038E-005	4.7902129626187190E-001 
820	8.9777112497556657E+006	2.1700922894251782E+001	-3.2990771057482178E+000	0.0000000000000000E+000	3.6663604502733440E+000	5.5808709529080902E+000	2.9809734123599827E+000	-1.8757926744181033E-001	3.6311430023201894E-005	4.7902129610606997E-001 
825	8.9777112498306502E+006	2.1700922894251782E+001	-3.2990771057482178E+000	0.0000000000000000E+000	3.6663679278772165E+000	5.5808207469957436E+000	2.9809333541960652E+000	-1.8749915111397589E-001	6.5042305937018928E-005	4.7902129598282911E-001 
830	8.9777112498760764E+006	2.1700922894251782E+001	-3.2990771057482178E+000	0.0000000000000000E+000	3.6664231862057073E+000	5.5809707298890432E+000	2.9808978289857335E+000	-1.8742810069331214E-001	5.5364818400208002E-005	4.7902129590746739E-001 
835	8.9777112499351818E+006	2.1700922894251782E+001	-3.2990771057482178E+000	0.0000000000000000E+000	3.6664453991563630E+000	5.5809107893905274E+000	2.9808234328351646E+000	-1.8727930839217435E-001	6.8960198728107189E-005	4.7902129581137703E-001 
840	8.9777112499812171E+006	2.1700922894251782E+001	-3.2990771057482178E+000	0.0000000000000000E+000	3.6665074860124758E+000	5.5810531965723733E+000	2.9807704627138611E+000	-1.8717336814956795E-001	9.2733974180089239E-005	4.7902129573523933E-001 
845	8.9777112500223480E+006	2.1700922894251782E+001	-3.2990771057482178E+000	0.0000000000000000E+000	3.6665281247920505E+000	5.5810605862993112E+000	2.9807328800181807E+000	-1.8709820275820668E-001	1.2335633958214585E-004	4.7902129566892443E-001 
850	8.9777112500500772E+006	2.1700922894251782E+001	-3.2990771057482178E+000	0.0000000000000000E+000	3.6665920101978582E+000	5.5812814097152659E+000	2.9807155209145422E+000	-1.8706348455093003E-001	1.3999457183656579E-004	4.7902129562314011E-001 
855	8.9777112500686236E+006	2.1700922894251782E+001	-3.2990771057482178E+000	0.0000000000000000E+000	3.6665904160438236E+000	5.5812531591619479E+000	2.9807045839459536E+000	-1.8704161061375260E-001	1.5266587932225993E-004	4.7902129559354550E-001 
860	8.9777112500828616E+006	2.1700922894251782E+001	-3.2990771057482178E+000	0.0000000000000000E+000	3.6666461183353016E+000	5.5814675048223821E+000	2.9807003521932143E+000	-1.8703314710827362E-001	1.6233819054009666E-004	4.7902129557013723E-001 
865	8.9777112500952687E+006	2.1700922894251782E+001	-3.2990771057482178E+000	0.0000000000000000E+000	3.6666363269051234E+000	5.5814182363172984E+000	2.9806953008010284E+000	-1.8702304432390190E-001	1.7049778166257885E-004	4.7902129555047357E-001 
870	8.9777112501058653E+006	2.1700922894251782E+001	-3.2990771057482178E+000	0.0000000000000000E+000	3.6666881519319046E+000	5.5816219830585068E+000	2.9806935241180712E+000	-1.8701949095798751E-001	1.7749114639307366E-004	4.7902129553309608E-001 
875	8.9777112501164991E+006	2.1700922894251782E+001	-3.2990771057482178E+000	0.0000000000000000E+000	3.6666765438545688E+000	5.5815688173746700E+000	2.9806901574308244E+000	-1.8701275758349395E-001	1.8467661530215500E-004	4.7902129551630385E-001 
880	8.9777112501299679E+006	2.1700922894251782E+001	-3.2990771057482178E+000	0.0000000000000000E+000	3.6667326874606840E+000	5.5817907558916184E+000	2.9806888394770681E+000	-1.8701012167598172E-001	1.9440456285477452E-004	4.7902129549422601E-001 
885	8.9777112501430847E+006	2.1700922894251782E+001	-3.2990771057482178E+000	0.0000000000000000E+000	3.6667239988193847E+000	5.5817476933981265E+000	2.9806846855129194E+000	-1.8700181374768404E-001	2.0529012545726703E-004	4.7902129547339456E-001 
890	8.9777112501587588E+006	2.1700922894251782E+001	-3.2990771057482178E+000	0.0000000000000000E+000	3.6667794813128674E+000	5.5819656374575759E+000	2.9806826925556789E+000	-1.8699782783320293E-001	2.1974861860113830E-004	4.7902129544763711E-001 
895	8.9777112501757219E+006	2.1700922894251782E+001	-3.2990771057482178E+000	0.0000000000000000E+000	3.6667737719734368E+000	5.5819335283870313E+000	2.9806780566992681E+000	-1.8698855612038126E-001	2.3710264513063860E-004	4.7902129542056510E-001 
900	8.9777112501896508E+006	2.1700922894251782E+001	-3.2990771057482178E+000	0.0000000000000000E+000	3.6668243004572356E+000	5.5821336283528495E+000	2.9806770497145800E+000	-1.8698654215100530E-001	2.4151390662896719E-004	4.7902129539763821E-001 
905	8.9777112502017077E+006	2.1700922894251782E+001	-3.2990771057482178E+000	0.0000000000000000E+000	3.6668099551061069E+000	5.5820667817952456E+000	2.9806723171380360E+000	-1.8697707699791719E-001	2.5652000055386207E-004	4.7902129537848281E-001 
910	8.9777112502198517E+006	2.1700922894251782E+001	-3.2990771057482178E+000	0.0000000000000000E+000	3.6668650077797236E+000	5.5822800270901336E+000	2.9806688344382453E+000	-1.8697011159833543E-001	2.8076218880657947E-004	4.7902129534868854E-001 
915	8.9777112502364591E+006	2.1700922894251782E+001	-3.2990771057482178E+000	0.0000000000000000E+000	3.6668530444764009E+000	5.5822251071863578E+000	2.9806653010930031E+000	-1.8696304490785159E-001	3.0372131035166414E-004	4.7902129532212173E-001 
920	8.9777112502529789E+006	2.1700922894251782E+001	-3.2990771057482178E+000	0.0000000000000000E+000	3.6669030874340072E+000	5.5824214742297844E+000	2.9806633986995044E+000	-1.8695924012085388E-001	3.3501891067098060E-004	4.7902129529488019E-001 
925	8.9777112502615135E+006	2.1700922894251782E+001	-3.2990771057482178E+000	0.0000000000000000E+000	3.6668812972926061E+000	5.5823393012677460E+000	2.9806658925012863E+000	-1.8696422772441795E-001	3.4994181351277346E-004	4.7902129528137211E-001 
930	8.9777112502713054E+006	2.1700922894251782E+001	-3.2990771057482178E+000	0.0000000000000000E+000	3.6669229673562325E+000	5.5825101746951216E+000	2.9806679890877223E+000	-1.8696842089728993E-001	3.6739768346043272E-004	4.7902129526524095E-001 
935	8.9777112502823509E+006	2.1700922894251782E+001	-3.2990771057482178E+000	0.0000000000000000E+000	3.6669038117361974E+000	5.5824339258245983E+000	2.9806681758925300E+000	-1.8696879450690551E-001	3.8665744230349401E-004	4.7902129524768949E-001 
940	8.9777112502903901E+006	2.1700922894251782E+001	-3.2990771057482178E+000	0.0000000000000000E+000	3.6669430638798559E+000	5.5826008838286167E+000	2.9806731506072235E+000	-1.8697874393629221E-001	4.0242866715595307E-004	4.7902129523443970E-001 
945	8.9777112502968926E+006	2.1700922894251782E+001	-3.2990771057482178E+000	0.0000000000000000E+000	3.6669190634778288E+000	5.5825188029781962E+000	2.9806801109860674E+000	-1.8699266469398027E-001	4.0567725160649683E-004	4.7902129522417286E-001 
950	8.9777112503017075E+006	2.1700922894251782E+001	-3.2990771057482178E+000	0.0000000000000000E+000	3.6669493848551560E+000	5.5826506110166267E+000	2.9806853722506275E+000	-1.8700318722310008E-001	4.0403884342051221E-004	4.7902129521619446E-001 
955	8.9777112503065951E+006	2.1700922894251782E+001	-3.2990771057482178E+000	0.0000000000000000E+000	3.6669266119223649E+000	5.5825648042055445E+000	2.9806880147106694E+000	-1.8700847214318370E-001	4.0463963255430721E-004	4.7902129520857678E-001 
960	8.9777112503131386E+006	2.1700922894251782E+001	-3.2990771057482178E+000	0.0000000000000000E+000	3.6669609439519530E+000	5.5827199492470632E+000	2.9806969231722520E+000	-1.8702628906634913E-001	3.9850120910527601E-004	4.7902129519777731E-001 
965	8.9777112503230888E+006	2.1700922894251782E+001	-3.2990771057482178E+000	0.0000000000000000E+000	3.6669346152471585E+000	5.5826441642373590E+000	2.9807116880769899E+000	-1.8705581887582484E-001	3.8364675256906373E-004	4.7902129518195619E-001 
970	8.9777112503325865E+006	2.1700922894251782E+001	-3.2990771057482178E+000	0.0000000000000000E+000	3.6669711873050850E+000	5.5828230876574674E+000	2.9807280056711902E+000	-1.8708845406422528E-001	3.7226524774828504E-004	4.7902129516623232E-001 
975	8.9777112503416818E+006	2.1700922894251782E+001	-3.2990771057482178E+000	0.0000000000000000E+000	3.6669439094267440E+000	5.5827426920179830E+000	2.9807423636081301E+000	-1.8711716993810512E-001	3.6109295360445249E-004	4.7902129515175484E-001 
980	8.9777112503483072E+006	2.1700922894251782E+001	-3.2990771057482178E+000	0.0000000000000000E+000	3.6669774992355282E+000	5.5828981944474059E+000	2.9807529352052722E+000	-1.8713831313238988E-001	3.5164975528359602E-004	4.7902129514074865E-001 
985	8.9777112503565177E+006	2.1700922894251782E+001	-3.2990771057482178E+000	0.0000000000000000E+000	3.6669499967729879E+000	5.5828077463659165E+000	2.9807627160896093E+000	-1.8715787490106384E-001	3.4356132940391743E-004	4.7902129512770841E-001 
990	8.9777112503629811E+006	2.1700922894251782E+001	-3.2990771057482178E+000	0.0000000000000000E+000	3.6669819060208790E+000	5.5829513385386429E+000	2.9807706936801903E+000	-1.8717383008222627E-001	3.3826250896995682E-004	4.7902129511715125E-001 
995	8.9777112503701895E+006	2.1700922894251782E+001	-3.2990771057482178E+000	0.0000000000000000E+000	3.6669543088040673E+000	5.5828553254922104E+000	2.9807778815905976E+000	-1.8718820590304022E-001	3.3388283530923771E-004	4.7902129510555624E-001 
1000	8.9777112503776066E+006	2.1700922894251782E+001	-3.2990771057482178E+000	0.0000000000000000E+000	3.6669860282219888E+000	5.5829939343404593E+000	2.9807837471788790E+000	-1.8719993707960306E-001	3.3776989032822962E-004	4.7902129509328550E-001 
1005	8.9777112503878195E+006	2.1700922894251782E+001	-3.2990771057482178E+000	0.0000000000000000E+000	3.6669560134812857E+000	5.5828917633187549E+000	2.9807926911494320E+000	-1.8721782502070952E-001	3.4569263481575626E-004	4.7902129507695840E-001 
1010	8.9777112504003458E+006	2.1700922894251782E+001	-3.2990771057482178E+000	0.0000000000000000E+000	3.6669866918320668E+000	5.5830486557975076E+000	2.9808097806872462E+000	-1.8725200409633783E-001	3.4537527188501069E-004	4.7902129505619079E-001 
1015	8.9777112504150178E+006	2.1700922894251782E+001	-3.2990771057482178E+000	0.0000000000000000E+000	3.6669573676281240E+000	5.5829442344267211E+000	2.9808162184097391E+000	-1.8726487954132351E-001	3.4245144646424423E-004	4.7902129503258523E-001 
1020	8.9777112504265979E+006	2.1700922894251782E+001	-3.2990771057482178E+000	0.0000000000000000E+000	3.6669891394813638E+000	5.5830731641561000E+000	2.9808171395679479E+000	-1.8726672185774121E-001	4.4932254748400940E-004	4.7902129501329538E-001 
1025	8.9777112504391856E+006	2.1700922894251782E+001	-3.2990771057482178E+000	0.0000000000000000E+000	3.6669585817684496E+000	5.5829534943121217E+000	2.9808184200717878E+000	-1.8726928286542063E-001	4.2268857645340883E-004	4.7902129499307139E-001 
1030	8.9777112504521441E+006	2.1700922894251782E+001	-3.2990771057482178E+000	0.0000000000000000E+000	3.6669878759529246E+000	5.5830836409377556E+000	2.9808249050156546E+000	-1.8728225275315460E-001	2.8823585720587190E-004	4.7902129497155327E-001 
1035	8.9777112504575029E+006	2.1700922894251782E+001	-3.2990771057482178E+000	0.0000000000000000E+000	3.6669556981041169E+000	5.5829649250438047E+000	2.9808299027662950E+000	-1.8729224825443533E-001	2.8052575622867902E-004	4.7902129496310336E-001 
1040	8.9777112504649162E+006	2.1700922894251782E+001	-3.2990771057482178E+000	0.0000000000000000E+000	3.6669830969215003E+000	5.5830925202825892E+000	2.9808389027509201E+000	-1.8731024822368547E-001	2.9321097085189174E-004	4.7902129495078571E-001 
1045	8.9777112504768521E+006	2.1700922894251782E+001	-3.2990771057482178E+000	0.0000000000000000E+000	3.6669476092317184E+000	5.5829863183124422E+000	2.9808567771454104E+000	-1.8734599701266613E-001	3.9233142929807907E-004	4.7902129493168899E-001 
1050	8.9777112504869774E+006	2.1700922894251782E+001	-3.2990771057482178E+000	0.0000000000000000E+000	3.6669720211890700E+000	5.5831352219079982E+000	2.9808824050284857E+000	-1.8739725277881675E-001	6.4324755840502687E-004	4.7902129491479845E-001 
1055	8.9777112504934575E+006	2.1700922894251782E+001	-3.2990771057482178E+000	0.0000000000000000E+000	3.6669355037689901E+000	5.5830291510397725E+000	2.9809024044345316E+000	-1.8743725159090874E-001	7.6221157852796517E-004	4.7902129490452816E-001 
1060	8.9777112504986357E+006	2.1700922894251782E+001	-3.2990771057482178E+000	0.0000000000000000E+000	3.6669597778701704E+000	5.5831503688028903E+000	2.9809144651137314E+000	-1.8746137294930759E-001	8.8231228405054091E-004	4.7902129489589584E-001 
1065	8.9777112505030856E+006	2.1700922894251782E+001	-3.2990771057482178E+000	0.0000000000000000E+000	3.6669301340288385E+000	5.5830433337050787E+000	2.9809202352474888E+000	-1.8747291321682311E-001	1.0398696776805114E-003	4.7902129488893347E-001 
1070	8.9777112505089715E+006	2.1700922894251782E+001	-3.2990771057482178E+000	0.0000000000000000E+000	3.6669518916391595E+000	5.5831531441750473E+000	2.9809316252618321E+000	-1.8749569324550919E-001	1.3555557956262177E-003	4.7902129487913669E-001 
1075	8.9777112505128887E+006	2.1700922894251782E+001	-3.2990771057482178E+000	0.0000000000000000E+000	3.6669191103730712E+000	5.5830274869900185E+000	2.9809343592014934E+000	-1.8750116112483231E-001	1.5732877470343971E-003	4.7902129487307210E-001 
1080	8.9777112505171578E+006	2.1700922894251782E+001	-3.2990771057482178E+000	0.0000000000000000E+000	3.6669393808353301E+000	5.5831056722668428E+000	2.9809329109153873E+000	-1.8749826455261948E-001	1.8819679904597049E-003	4.7902129486589395E-001 
1085	8.9777112505192254E+006	2.1700922894251782E+001	-3.2990771057482178E+000	0.0000000000000000E+000	3.6669097769083989E+000	5.5829786671455546E+000	2.9809286162086059E+000	-1.8748967513905679E-001	2.1575585014344603E-003	4.7902129486280709E-001 
1090	8.9777112505195402E+006	2.1700922894251782E+001	-3.2990771057482178E+000	0.0000000000000000E+000	3.6669164514590045E+000	5.5830043915852752E+000	2.9809281293272543E+000	-1.8748870137635423E-001	2.2138022780401828E-003	4.7902129486212908E-001 
1095	8.9777112505199295E+006	2.1700922894251782E+001	-3.2990771057482178E+000	0.0000000000000000E+000	3.6669102389767323E+000	5.5829779261782306E+000	2.9809273215882772E+000	-1.8748708589839944E-001	2.2583199763475652E-003	4.7902129486169365E-001 
1100	8.9777112505203839E+006	2.1700922894251782E+001	-3.2990771057482178E+000	0.0000000000000000E+000	3.6669186495382102E+000	5.5830102857946731E+000	2.9809266802735435E+000	-1.8748580326893208E-001	2.5549331925961666E-003	4.7902129486079509E-001 
1100	8.9777112505203094E+006	2.1700922894251782E+001	-3.2990771057482178E+000	0.0000000000000000E+000	3.6669134383363780E+000	5.5829896335428542E+000	2.9809267765512972E+000	-1.8748599582443959E-001	2.4635765859201990E-003	4.7902129486091960E-001 
1105	8.9777112505204510E+006	2.1700922894251782E+001	-3.2990771057482178E+000	0.0000000000000000E+000	3.6669076914837202E+000	5.5829657262767238E+000	2.9809263166235480E+000	-1.8748507596894154E-001	2.5090331032492476E-003	4.7902129486086553E-001 
1110	8.9777112505206596E+006	2.1700922894251782E+001	-3.2990771057482178E+000	0.0000000000000000E+000	3.6669100122964005E+000	5.5829740897892739E+000	2.9809258567544625E+000	-1.8748415623077044E-001	2.5404553093188054E-003	4.7902129486036538E-001 
1115	8.9777112505209986E+006	2.1700922894251782E+001	-3.2990771057482178E+000	0.0000000000000000E+000	3.6669048425084210E+000	5.5829519013038427E+000	2.9809251020877054E+000	-1.8748264689725655E-001	2.5893939180303689E-003	4.7902129486000800E-001 
1120	8.9777112505215388E+006	2.1700922894251782E+001	-3.2990771057482178E+000	0.0000000000000000E+000	3.6669141545817219E+000	5.5829896803970875E+000	2.9809253674877261E+000	-1.8748317769729761E-001	3.0020285256041643E-003	4.7902129485897338E-001 
1125	8.9777112505217213E+006	2.1700922894251782E+001	-3.2990771057482178E+000	0.0000000000000000E+000	3.6669061912924175E+000	5.5829586449833712E+000	2.9809257763594768E+000	-1.8748399544079911E-001	2.9569167379589292E-003	4.7902129485886891E-001 
1130	8.9777112505219374E+006	2.1700922894251782E+001	-3.2990771057482178E+000	0.0000000000000000E+000	3.6669065895821755E+000	5.5829612962374373E+000	2.9809263054069941E+000	-1.8748505353583336E-001	3.0248721485749098E-003	4.7902129485835587E-001 
1135	8.9777112505222466E+006	2.1700922894251782E+001	-3.2990771057482178E+000	0.0000000000000000E+000	3.6669001097485094E+000	5.5829377795520951E+000	2.9809275067316552E+000	-1.8748745618515569E-001	3.0816438670124976E-003	4.7902129485804168E-001 
1140	8.9777112505223751E+006	2.1700922894251782E+001	-3.2990771057482178E+000	0.0000000000000000E+000	3.6669051405360316E+000	5.5829580104375172E+000	2.9809275605993224E+000	-1.8748756392048974E-001	3.1191619535693503E-003	4.7902129485766953E-001 
1145	8.9777112505224440E+006	2.1700922894251782E+001	-3.2990771057482178E+000	0.0000000000000000E+000	3.6669002240236073E+000	5.5829381769910595E+000	2.9809274769009426E+000	-1.8748739652373039E-001	3.1347528748378291E-003	4.7902129485773676E-001 
1150	8.9777112505225539E+006	2.1700922894251782E+001	-3.2990771057482178E+000	0.0000000000000000E+000	3.6669013453980965E+000	5.5829419147809149E+000	2.9809271030468909E+000	-1.8748664881562677E-001	3.1697512511334731E-003	4.7902129485739037E-001 
1155	8.9777112505227309E+006	2.1700922894251782E+001	-3.2990771057482178E+000	0.0000000000000000E+000	3.6668995371038178E+000	5.5829314750314945E+000	2.9809254997607386E+000	-1.8748344224332208E-001	3.2561869271098085E-003	4.7902129485728295E-001 
1160	8.9777112505229507E+006	2.1700922894251782E+001	-3.2990771057482178E+000	0.0000000000000000E+000	3.6669060673186524E+000	5.5829543945328775E+000	2.9809238990817604E+000	-1.8748024088536600E-001	3.2744988453591267E-003	4.7902129485679473E-001 
1165	8.9777112505230922E+006	2.1700922894251782E+001	-3.2990771057482178E+000	0.0000000000000000E+000	3.6669007478188029E+000	5.5829293044851456E+000	2.9809219930575934E+000	-1.8747642883703181E-001	3.2939432837360170E-003	4.7902129485675110E-001 
1170	8.9777112505231909E+006	2.1700922894251782E+001	-3.2990771057482178E+000	0.0000000000000000E+000	3.6669006232244579E+000	5.5829265268465749E+000	2.9809208534269978E+000	-1.8747414957584058E-001	3.3398102388416777E-003	4.7902129485642436E-001 
1175	8.9777112505232990E+006	2.1700922894251782E+001	-3.2990771057482178E+000	0.0000000000000000E+000	3.6668984108344769E+000	5.5829149829586422E+000	2.9809195062629943E+000	-1.8747145524783360E-001	3.3672918932380227E-003	4.7902129485642225E-001 
1180	8.9777112505234797E+006	2.1700922894251782E+001	-3.2990771057482178E+000	0.0000000000000000E+000	3.6669031827874403E+000	5.5829309049262639E+000	2.9809179233408769E+000	-1.8746828940359872E-001	3.5158994819722397E-003	4.7902129485596789E-001 
1185	8.9777112505236007E+006	2.1700922894251782E+001	-3.2990771057482178E+000	0.0000000000000000E+000	3.6669015762429837E+000	5.5829232487494620E+000	2.9809173083413900E+000	-1.8746705940462488E-001	3.9764265376504770E-003	4.7902129485597394E-001 
1190	8.9777112505237143E+006	2.1700922894251782E+001	-3.2990771057482178E+000	0.0000000000000000E+000	3.6669021198975664E+000	5.5829227843165414E+000	2.9809159888157644E+000	-1.8746442035337421E-001	4.0465073685917565E-003	4.7902129485562689E-001 
1195	8.9777112505238224E+006	2.1700922894251782E+001	-3.2990771057482178E+000	0.0000000000000000E+000	3.6668982788750983E+000	5.5829056855862849E+000	2.9809151214955723E+000	-1.8746268571298999E-001	4.1996847458902527E-003	4.7902129485563444E-001 
1200	8.9777112505239081E+006	2.1700922894251782E+001	-3.2990771057482178E+000	0.0000000000000000E+000	3.6668999078808455E+000	5.5829111089031054E+000	2.9809145751424877E+000	-1.8746159300682039E-001	4.4253482249702559E-003	4.7902129485532563E-001 
1200	8.9777112505238969E+006	2.1700922894251782E+001	-3.2990771057482178E+000	0.0000000000000000E+000	3.6668989151707092E+000	5.5829071157738746E+000	2.9809145639981454E+000	-1.8746157071813602E-001	4.4397668921826953E-003	4.7902129485534328E-001 
1205	8.9777112505239174E+006	2.1700922894251782E+001	-3.2990771057482178E+000	0.0000000000000000E+000	3.6668971061547371E+000	5.5828993898159052E+000	2.9809143190511063E+000	-1.8746108082405755E-001	4.3949257552363362E-003	4.7902129485548733E-001 
1210	8.9777112505239435E+006	2.1700922894251782E+001	-3.2990771057482178E+000	0.0000000000000000E+000	3.6668944319571892E+000	5.5828882014660577E+000	2.9809140732712769E+000	-1.8746058926439874E-001	4.3591608553379376E-003	4.7902129485527456E-001 
1215	8.9777112505239844E+006	2.1700922894251782E+001	-3.2990771057482178E+000	0.0000000000000000E+000	3.6668915407057665E+000	5.5828754099427638E+000	2.9809134600124749E+000	-1.8745936274679526E-001	4.4557278453850333E-003	4.7902129485538303E-001 
1220	8.9777112505240217E+006	2.1700922894251782E+001	-3.2990771057482178E+000	0.0000000000000000E+000	3.6668923588316695E+000	5.5828778945406796E+000	2.9809130660596277E+000	-1.8745857484110082E-001	4.4869081394752130E-003	4.7902129485514999E-001 
1225	8.9777112505240738E+006	2.1700922894251782E+001	-3.2990771057482178E+000	0.0000000000000000E+000	3.6668900235045734E+000	5.5828679292533128E+000	2.9809127540701361E+000	-1.8745795086211750E-001	4.5297028756939436E-003	4.7902129485524181E-001 
1230	8.9777112505241372E+006	2.1700922894251782E+001	-3.2990771057482178E+000	0.0000000000000000E+000	3.6668906151933052E+000	5.5828691067012937E+000	2.9809121594166625E+000	-1.8745676155517058E-001	4.5796183534622496E-003	4.7902129485496808E-001 
1235	8.9777112505241688E+006	2.1700922894251782E+001	-3.2990771057482178E+000	0.0000000000000000E+000	3.6668871996528041E+000	5.5828550204140832E+000	2.9809119473540604E+000	-1.8745633742996570E-001	4.5927960126563219E-003	4.7902129485509592E-001 
1240	8.9777112505241968E+006	2.1700922894251782E+001	-3.2990771057482178E+000	0.0000000000000000E+000	3.6668858360565530E+000	5.5828491389545505E+000	2.9809117338167943E+000	-1.8745591035543394E-001	4.6421527270832496E-003	4.7902129485487882E-001 
1245	8.9777112505242452E+006	2.1700922894251782E+001	-3.2990771057482178E+000	0.0000000000000000E+000	3.6668829368153473E+000	5.5828365265711426E+000	2.9809112261075033E+000	-1.8745489493685213E-001	4.6978539676330684E-003	4.7902129485498074E-001 
1250	8.9777112505243178E+006	2.1700922894251782E+001	-3.2990771057482178E+000	0.0000000000000000E+000	3.6668840666923654E+000	5.5828398626909799E+000	2.9809106344133860E+000	-1.8745371154861701E-001	5.1385719324425448E-003	4.7902129485469214E-001 
1255	8.9777112505243849E+006	2.1700922894251782E+001	-3.2990771057482178E+000	0.0000000000000000E+000	3.6668824999160474E+000	5.5828322139632798E+000	2.9809099436021702E+000	-1.8745232992618605E-001	5.5641564318804713E-003	4.7902129485476258E-001 
1260	8.9777112505244054E+006	2.1700922894251782E+001	-3.2990771057482178E+000	0.0000000000000000E+000	3.6668819855877657E+000	5.5828300699742828E+000	2.9809099002642370E+000	-1.8745224325031959E-001	5.8126117496733196E-003	4.7902129485456379E-001 
1265	8.9777112505244259E+006	2.1700922894251782E+001	-3.2990771057482178E+000	0.0000000000000000E+000	3.6668808442917102E+000	5.5828250274395730E+000	2.9809096615889925E+000	-1.8745176589983012E-001	5.5940997167712803E-003	4.7902129485470202E-001 
1270	8.9777112505244520E+006	2.1700922894251782E+001	-3.2990771057482178E+000	0.0000000000000000E+000	3.6668808196889686E+000	5.5828246906277617E+000	2.9809095423885701E+000	-1.8745152749898517E-001	5.5034243244025836E-003	4.7902129485448747E-001 
1275	8.9777112505244799E+006	2.1700922894251782E+001	-3.2990771057482178E+000	0.0000000000000000E+000	3.6668795057688723E+000	5.5828195311769129E+000	2.9809095905033387E+000	-1.8745162372852250E-001	5.7605009845078997E-003	4.7902129485462031E-001 
1280	8.9777112505245097E+006	2.1700922894251782E+001	-3.2990771057482178E+000	0.0000000000000000E+000	3.6668796989726928E+000	5.5828200990282868E+000	2.9809094880213842E+000	-1.8745141876461391E-001	5.8469655924393944E-003	4.7902129485440026E-001 
1285	8.9777112505245544E+006	2.1700922894251782E+001	-3.2990771057482178E+000	0.0000000000000000E+000	3.6668768978026427E+000	5.5828083302316625E+000	2.9809092059631728E+000	-1.8745085464819133E-001	5.8340879534545314E-003	4.7902129485450201E-001 
1290	8.9777112505245823E+006	2.1700922894251782E+001	-3.2990771057482178E+000	0.0000000000000000E+000	3.6668769540276456E+000	5.5828077829413827E+000	2.9809088198680271E+000	-1.8745008245789935E-001	6.2712011622456211E-003	4.7902129485429007E-001 
1295	8.9777112505245898E+006	2.1700922894251782E+001	-3.2990771057482178E+000	0.0000000000000000E+000	3.6668760953782717E+000	5.5828045269419651E+000	2.9809089091670664E+000	-1.8745026105597795E-001	6.3359561947663109E-003	4.7902129485445505E-001 
1300	8.9777112505245917E+006	2.1700922894251782E+001	-3.2990771057482178E+000	0.0000000000000000E+000	3.6668754842536537E+000	5.5828020481720939E+000	2.9809088920313651E+000	-1.8745022678457593E-001	6.3453978040447830E-003	4.7902129485427497E-001 
1305	8.9777112505246010E+006	2.1700922894251782E+001	-3.2990771057482178E+000	0.0000000000000000E+000	3.6668748550472658E+000	5.5827999646316160E+000	2.9809091086739028E+000	-1.8745066006965128E-001	6.3108242675471394E-003	4.7902129485443762E-001 
1310	8.9777112505246103E+006	2.1700922894251782E+001	-3.2990771057482178E+000	0.0000000000000000E+000	3.6668748686923078E+000	5.5827996080722491E+000	2.9809089031041345E+000	-1.8745024893011406E-001	6.2372066311976067E-003	4.7902129485424583E-001 
1315	8.9777112505246308E+006	2.1700922894251782E+001	-3.2990771057482178E+000	0.0000000000000000E+000	3.6668751219287223E+000	5.5828011825693018E+000	2.9809091838798332E+000	-1.8745081048151188E-001	6.1773463712320150E-003	4.7902129485439082E-001 
1320	8.9777112505246606E+006	2.1700922894251782E+001	-3.2990771057482178E+000	0.0000000000000000E+000	3.6668758526585998E+000	5.5828032382229509E+000	2.9809087502469027E+000	-1.8744994321565078E-001	6.2310973029866450E-003	4.7902129485417044E-001 
1325	8.9777112505246885E+006	2.1700922894251782E+001	-3.2990771057482178E+000	0.0000000000000000E+000	3.6668751666638753E+000	5.5828008096334951E+000	2.9809089079416236E+000	-1.8745025860509268E-001	6.3859434327648967E-003	4.7902129485429684E-001 
1330	8.9777112505247165E+006	2.1700922894251782E+001	-3.2990771057482178E+000	0.0000000000000000E+000	3.6668760589205998E+000	5.5828035222903436E+000	2.9809084797565988E+000	-1.8744940223504258E-001	6.3855758039636362E-003	4.7902129485407730E-001 
1335	8.9777112505247407E+006	2.1700922894251782E+001	-3.2990771057482178E+000	0.0000000000000000E+000	3.6668749671908532E+000	5.5827998500804137E+000	2.9809088271111275E+000	-1.8745009694410047E-001	6.4082091018467756E-003	4.7902129485421352E-001 
1340	8.9777112505247816E+006	2.1700922894251782E+001	-3.2990771057482178E+000	0.0000000000000000E+000	3.6668761060095569E+000	5.5828042192168246E+000	2.9809087340419245E+000	-1.8744991080569401E-001	6.5693141240611291E-003	4.7902129485397466E-001 
1345	8.9777112505248152E+006	2.1700922894251782E+001	-3.2990771057482178E+000	0.0000000000000000E+000	3.6668740813284924E+000	5.5827961245877011E+000	2.9809087360894924E+000	-1.8744991490083013E-001	7.3596297358096046E-003	4.7902129485409783E-001 
1350	8.9777112505248394E+006	2.1700922894251782E+001	-3.2990771057482178E+000	0.0000000000000000E+000	3.6668743113381814E+000	5.5827972503968448E+000	2.9809088389746852E+000	-1.8745012067121589E-001	7.6721932478406862E-003	4.7902129485388856E-001 
1355	8.9777112505248562E+006	2.1700922894251782E+001	-3.2990771057482178E+000	0.0000000000000000E+000	3.6668716381027489E+000	5.5827864043327002E+000	2.9809087624134785E+000	-1.8744996754880192E-001	7.8025351633261054E-003	4.7902129485403866E-001 
1360	8.9777112505248673E+006	2.1700922894251782E+001	-3.2990771057482178E+000	0.0000000000000000E+000	3.6668710085298186E+000	5.5827836326271756E+000	2.9809086357065766E+000	-1.8744971413499842E-001	7.8529682645898016E-003	4.7902129485385031E-001 
1365	8.9777112505248785E+006	2.1700922894251782E+001	-3.2990771057482178E+000	0.0000000000000000E+000	3.6668697945131110E+000	5.5827785669023058E+000	2.9809085308775574E+000	-1.8744950447695960E-001	7.8586914620328088E-003	4.7902129485401496E-001 
1370	8.9777112505248822E+006	2.1700922894251782E+001	-3.2990771057482178E+000	0.0000000000000000E+000	3.6668695306974612E+000	5.5827774400461454E+000	2.9809084950807758E+000	-1.8744943288339694E-001	7.8509588884627807E-003	4.7902129485383144E-001 
1375	8.9777112505248822E+006	2.1700922894251782E+001	-3.2990771057482178E+000	0.0000000000000000E+000	3.6668698017168966E+000	5.5827791420205948E+000	2.9809088040291303E+000	-1.8745005078010626E-001	7.8338668917534802E-003	4.7902129485400063E-001 
1380	8.9777112505248897E+006	2.1700922894251782E+001	-3.2990771057482178E+000	0.0000000000000000E+000	3.6668696705734951E+000	5.5827778338760314E+000	2.9809084122436516E+000	-1.8744926720914848E-001	7.7681514478157888E-003	4.7902129485381723E-001 
1385	8.9777112505248990E+006	2.1700922894251782E+001	-3.2990771057482178E+000	0.0000000000000000E+000	3.6668696242801944E+000	5.5827779322408144E+000	2.9809085540126450E+000	-1.8744955074713499E-001	7.6636654277339499E-003	4.7902129485398021E-001 
1390	8.9777112505249102E+006	2.1700922894251782E+001	-3.2990771057482178E+000	0.0000000000000000E+000	3.6668695331350638E+000	5.5827774184284582E+000	2.9809084793967289E+000	-1.8744940151530251E-001	7.6011802447915715E-003	4.7902129485378819E-001 
1395	8.9777112505249251E+006	2.1700922894251782E+001	-3.2990771057482178E+000	0.0000000000000000E+000	3.6668694954746437E+000	5.5827774802287902E+000	2.9809085856177338E+000	-1.8744961395731310E-001	7.6610616406958950E-003	4.7902129485393907E-001 
1400	8.9777112505249456E+006	2.1700922894251782E+001	-3.2990771057482178E+000	0.0000000000000000E+000	3.6668697951160882E+000	5.5827786206967041E+000	2.9809085565688025E+000	-1.8744955585944997E-001	7.8769183847835992E-003	4.7902129485373818E-001 
1405	8.9777112505249605E+006	2.1700922894251782E+001	-3.2990771057482178E+000	0.0000000000000000E+000	3.6668690527106400E+000	5.5827757873886368E+000	2.9809086247256653E+000	-1.8744969217317636E-001	8.0875960861215672E-003	4.7902129485388917E-001 
1410	8.9777112505249642E+006	2.1700922894251782E+001	-3.2990771057482178E+000	0.0000000000000000E+000	3.6668687336863415E+000	5.5827745528312862E+000	2.9809086454955867E+000	-1.8744973371301840E-001	8.1200722349288792E-003	4.7902129485370898E-001 
1415	8.9777112505249716E+006	2.1700922894251782E+001	-3.2990771057482178E+000	0.0000000000000000E+000	3.6668678648935051E+000	5.5827706841266282E+000	2.9809084487289303E+000	-1.8744934017970605E-001	8.1659031793823323E-003	4.7902129485387507E-001 
1420	8.9777112505249809E+006	2.1700922894251782E+001	-3.2990771057482178E+000	0.0000000000000000E+000	3.6668676395681028E+000	5.5827700302747232E+000	2.9809085724537829E+000	-1.8744958762941122E-001	8.2840409124665983E-003	4.7902129485368561E-001 
1425	8.9777112505249903E+006	2.1700922894251782E+001	-3.2990771057482178E+000	0.0000000000000000E+000	3.6668669697825003E+000	5.5827673648359895E+000	2.9809085793056211E+000	-1.8744960133308769E-001	8.4815043804936843E-003	4.7902129485384631E-001 
1430	8.9777112505249977E+006	2.1700922894251782E+001	-3.2990771057482178E+000	0.0000000000000000E+000	3.6668671666622656E+000	5.5827676225692651E+000	2.9809083144127273E+000	-1.8744907154729998E-001	8.6049267412942505E-003	4.7902129485366363E-001 
1435	8.9777112505249977E+006	2.1700922894251782E+001	-3.2990771057482178E+000	0.0000000000000000E+000	3.6668671963025523E+000	5.5827682780577570E+000	2.9809085828764008E+000	-1.8744960847464701E-001	8.6651803532359073E-003	4.7902129485383610E-001 
1440	8.9777112505249977E+006	2.1700922894251782E+001	-3.2990771057482178E+000	0.0000000000000000E+000	3.6668669577864414E+000	5.5827672904886905E+000	2.9809085661240888E+000	-1.8744957497002257E-001	8.7649381156955728E-003	4.7902129485365524E-001 
1445	8.9777112505250070E+006	2.1700922894251782E+001	-3.2990771057482178E+000	0.0000000000000000E+000	3.6668658491741279E+000	5.5827627108264268E+000	2.9809084935175840E+000	-1.8744942975701329E-001	8.9663478525832813E-003	4.7902129485382050E-001 
1450	8.9777112505250163E+006	2.1700922894251782E+001	-3.2990771057482178E+000	0.0000000000000000E+000	3.6668659627057512E+000	5.5827630725090440E+000	2.9809084472956453E+000	-1.8744933731313548E-001	9.2447644427512375E-003	4.7902129485363298E-001 
1455	8.9777112505250275E+006	2.1700922894251782E+001	-3.2990771057482178E+000	0.0000000000000000E+000	3.6668659250699234E+000	5.5827633001993178E+000	2.9809086364124382E+000	-1.8744971554672135E-001	9.5422835672076076E-003	4.7902129485379547E-001 
1460	8.9777112505250387E+006	2.1700922894251782E+001	-3.2990771057482178E+000	0.0000000000000000E+000	3.6668642118850490E+000	5.5827557189841261E+000	2.9809082721745916E+000	-1.8744898707102886E-001	1.0279386938338379E-002	4.7902129485359907E-001 
1465	8.9777112505250499E+006	2.1700922894251782E+001	-3.2990771057482178E+000	0.0000000000000000E+000	3.6668638774997557E+000	5.5827545300016794E+000	2.9809083464539547E+000	-1.8744913562975468E-001	1.2244990449923604E-002	4.7902129485375483E-001 
1470	8.9777112505250629E+006	2.1700922894251782E+001	-3.2990771057482178E+000	0.0000000000000000E+000	3.6668642666519360E+000	5.5827562018808079E+000	2.9809084040891580E+000	-1.8744925090016165E-001	1.5650803261638993E-002	4.7902129485356060E-001 
1475	8.9777112505250722E+006	2.1700922894251782E+001	-3.2990771057482178E+000	0.0000000000000000E+000	3.6669269856710991E+000	5.5825963653365456E+000	2.9807030477787011E+000	-1.8703853827924727E-001	1.7926068443459987E-002	4.7902129485372913E-001 
