1	2.3061515828419704E+001	2.8500000000000000E+001	0.0000000000000000E+000	0.0000000000000000E+000	4.5946483280850003E+000	5.0449145069860943E+000	8.5641943377567331E-001	4.1798953458702881E+000	7.5650774598751109E+000	5.3066507220305004E-001	2.6596614196039242E-001	7.2011618584200365E-001 
5	1.4079286028408518E+002	2.8499984491991228E+001	-1.5508008772258108E-005	-1.2444634200370495E-007	4.5773323802051218E+000	5.0060239631960579E+000	8.7160605764041077E-001	4.1495218618234633E+000	7.5579517257232451E+000	5.1391196882066537E-001	2.6596899225008674E-001	7.2011618584200376E-001 
10	3.6754116970020732E+002	2.8499956068181952E+001	-4.3931818048292826E-005	-1.2587306550138734E-007	4.5777203600067073E+000	5.0081218508429322E+000	8.7187904186067766E-001	4.1489754602490212E+000	7.5581067153246213E+000	5.1429558822608124E-001	2.6597427564041054E-001	7.2011618584200365E-001 
15	7.3272158949796631E+002	2.8499909605218182E+001	-9.0394781818048386E-005	-1.2817045671608880E-007	4.5790660508217051E+000	5.0112689465002322E+000	8.7076120805933188E-001	4.1512104198286837E+000	7.5600443140962605E+000	5.2037371208520511E-001	2.6598339090812040E-001	7.2011618584200343E-001 
20	1.3208483073864556E+003	2.8499832757362075E+001	-1.6724263792511351E-004	-1.3238117917399371E-007	4.5822132372673261E+000	5.0165366580717077E+000	8.6710069095382813E-001	4.1585302829958071E+000	7.5652202644444637E+000	5.3668122016066777E-001	2.6600135520979556E-001	7.2011618584200310E-001 
25	2.2680322678130465E+003	2.8499703309399724E+001	-2.9669060027615046E-004	-1.3931728567649872E-007	4.5870923403284296E+000	5.0232310730603853E+000	8.6068969232596026E-001	4.1713503076552856E+000	7.5738144947811392E+000	5.6353919035466360E-001	2.6604194911788276E-001	7.2011618584200177E-001 
30	3.7934815079196769E+003	2.8499484820865668E+001	-5.1517913433229978E-004	-1.4468514572756125E-007	4.5916821934136127E+000	5.0252775931499594E+000	8.5253324620037985E-001	4.1876598704427188E+000	7.5818916153287788E+000	5.8751270859642146E-001	2.6612953483492852E-001	7.2011618584199777E-001 
35	6.2502327636038071E+003	2.8499134172302696E+001	-8.6582769730370046E-004	-1.4042374567949784E-007	4.5931463555212906E+000	5.0162122375212634E+000	8.4507224417067650E-001	4.2025765310485932E+000	7.5849973610626620E+000	5.9526176667886144E-001	2.6628579200171115E-001	7.2011618584198434E-001 
40	1.0206855228395656E+004	2.8498598102076556E+001	-1.4018979234435847E-003	-1.3320828605345240E-007	4.5927229338949900E+000	5.0078533809636694E+000	8.4173965914448134E-001	4.2092335319219005E+000	7.5850075693804877E+000	5.9438211081559666E-001	2.6654582245824587E-001	7.2011618584193726E-001 
45	1.6579035274167578E+004	2.8497759039107230E+001	-2.2409608927702607E-003	-1.3127217945355827E-007	4.5924030251073580E+000	5.0064864783767780E+000	8.4169602542629862E-001	4.2093080125615003E+000	7.5845522122151703E+000	5.9279456627951299E-001	2.6696877471995478E-001	7.2011618584176174E-001 
50	2.6841494959683725E+004	2.8496413209555008E+001	-3.5867904449915500E-003	-1.3111072315950172E-007	4.5920751491174991E+000	5.0067593937792090E+000	8.4248823510723214E-001	4.2077030828097053E+000	7.5839233704017435E+000	5.9074104983238629E-001	2.6764318996210329E-001	7.2011618584105719E-001 
55	4.3369288907804330E+004	2.8494246293621398E+001	-5.7537063786021747E-003	-1.3111605475726001E-007	4.5915601731866822E+000	5.0072995364058990E+000	8.4378825828221182E-001	4.2050700107098651E+000	7.5830361818936183E+000	5.8781813606362321E-001	2.6871372326360188E-001	7.2011618583811055E-001 
60	6.9987466339192077E+004	2.8490754257421532E+001	-9.2457425784679970E-003	-1.3125467281534697E-007	4.5908212366581429E+000	5.0081925128273603E+000	8.4571261955002142E-001	4.2011680611131084E+000	7.5818401439203162E+000	5.8381922542958875E-001	2.7040686828765975E-001	7.2011618582542225E-001 
65	1.1285630727421635E+005	2.8485117424578739E+001	-1.4882575421260924E-002	-1.3167029654488664E-007	4.5898238458283966E+000	5.0096763437276755E+000	8.4844931665967116E-001	4.1956087341880952E+000	7.5803306871881553E+000	5.7863427366425280E-001	2.7307426764817144E-001	7.2011618576935399E-001 
70	1.8189700428848233E+005	2.8475987811301557E+001	-2.4012188698442571E-002	-1.3264613436414070E-007	4.5885527757972033E+000	5.0121478798001906E+000	8.5222722475831647E-001	4.1879137022685775E+000	7.5785873024726058E+000	5.7235917703394312E-001	2.7725900274060128E-001	7.2011618549639334E-001 
75	2.9308773723692790E+005	2.8461106151546886E+001	-3.8893848453113833E-002	-1.3468291537176681E-007	4.5870334290909076E+000	5.0162764256125234E+000	8.5733019107707242E-001	4.1774807463529049E+000	7.5767950844537841E+000	5.6531987159691577E-001	2.8380182344519950E-001	7.2011617577174369E-001 
80	4.7216152455772908E+005	2.8436570460669941E+001	-6.3429539330059015E-002	-1.3864191361052306E-007	4.5853099347270794E+000	5.0231917310318952E+000	8.6423483251441480E-001	4.1632969063274716E+000	7.5752540025491717E+000	5.5802863236823841E-001	2.9396804914184810E-001	7.2011503971074842E-001 
85	7.6056164977575268E+005	2.8395294600935184E+001	-1.0470539906481591E-001	-1.4619749238853256E-007	4.5834729937450929E+000	5.0347715255754499E+000	8.7369861175016517E-001	4.1437385087571297E+000	7.5743613593589583E+000	5.5102436850884939E-001	3.0983902327741347E-001	7.2007079100946225E-001 
90	1.2250329354406320E+006	2.8323498822334411E+001	-1.7650117766558893E-001	-1.6046098740704878E-007	4.5817914381850073E+000	5.0543366215091492E+000	8.8684427083718553E-001	4.1163477127824555E+000	7.5746788239306033E+000	5.4486688148198315E-001	3.3484905517279345E-001	7.1940646989898138E-001 
95	1.9730685857167770E+006	2.8190916263526656E+001	-3.0908373647334386E-001	-1.8929077335794235E-007	4.5809382909551308E+000	5.0880181015794212E+000	9.0539130533207413E-001	4.0772159343256789E+000	7.5770902910268632E+000	5.4015671326700809E-001	3.7508079778225423E-001	7.1450194772132591E-001 
100	3.1777874808430118E+006	2.7917337429936477E+001	-5.8266257006352262E-001	-2.5569641140184556E-007	4.5826657507967408E+000	5.1482004752164228E+000	9.3202757246735646E-001	4.0197082042838872E+000	7.5833470181185936E+000	5.3821598512882929E-001	4.4363881858210130E-001	6.9229208008427234E-001 
105	5.1048823726931931E+006	2.7216765153999773E+001	-1.2832348460002265E+000	-4.5571891363005226E-007	4.5858493158634834E+000	5.2630576522115540E+000	9.8308903083143717E-001	3.9065477976560463E+000	7.5993880391874660E+000	5.4805834652905627E-001	5.8827366467313758E-001	6.1953048554532497E-001 
107	5.9838710365330605E+006	2.6709808041361772E+001	-1.7901919586382284E+000	-6.2080073506065314E-007	4.5678605588992349E+000	5.3241985864481105E+000	1.0496370118782106E+000	3.7652860964921198E+000	7.6135419469148040E+000	5.7234103695106953E-001	7.0272341042381858E-001	5.8517935334451288E-001 
110	6.8716428419239018E+006	2.6020430282080184E+001	-2.4795697179198157E+000	-8.5202558887358788E-007	4.5095170649923890E+000	5.4035731685417447E+000	1.2060112907387213E+000	3.4411812458517961E+000	7.6400986016918884E+000	6.3543052565237934E-001	8.4916635593537326E-001	5.6578438692789523E-001 
115	7.4725215721349120E+006	2.5525179892056819E+001	-2.9748201079431809E+000	-7.6816687268544565E-007	4.4402515376196758E+000	5.4760256561379403E+000	1.3807685892822443E+000	3.0833209863657549E+000	7.7477839316507726E+000	9.5527592141124040E-001	9.8343174670441325E-001	5.5965460411649393E-001 
116	7.4886555940277791E+006	2.5509510747657949E+001	-2.9904892523420514E+000	-9.7118650903744160E-007	4.4637294002296724E+000	5.5213423534481834E+000	1.3564712127173730E+000	3.1316490572416384E+000	7.9426264686708521E+000	1.5702051106409567E+000	9.8662718837408148E-001	5.5954186355491031E-001 
120	7.4951866460900120E+006	2.5485994495744130E+001	-3.0140055042558700E+000	-1.5538984144599066E-005	4.0335564287750980E+000	5.5777212985813938E+000	2.2450066281931265E+000	1.3541776820022999E+000	8.1789326011285635E+000	2.3941931591518149E+000	9.8656456121594061E-001	5.5947677047729494E-001 
125	7.4959672902801419E+006	2.5483329373763784E+001	-3.0166706262362162E+000	-2.4571489397973766E-007	3.9419270878142822E+000	5.5946643832423462E+000	2.4367368524452346E+000	9.7067181607117459E-001	8.2026646900642657E+000	2.4713623997495668E+000	9.8641803862200905E-001	5.5947058968223362E-001 
130	7.4966518843203355E+006	2.5483128353042133E+001	-3.0168716469578669E+000	-1.3533591922518592E-007	3.9078503299112093E+000	5.6001227968262022E+000	2.5076195750433086E+000	8.2890294500656203E-001	8.2170069758307758E+000	2.5133508821054056E+000	9.8608760599827427E-001	5.5945905576571886E-001 
135	7.4977375880704885E+006	2.5482960122517802E+001	-3.0170398774821976E+000	-1.3047682543581045E-007	3.9036120502188130E+000	5.6011153659026354E+000	2.5165924189663174E+000	8.1095439009381054E-001	8.2248716088637597E+000	2.5321989845580459E+000	9.8533362602775765E-001	5.5944470575503569E-001 
140	7.4994861248171488E+006	2.5482769668566522E+001	-3.0172303314334776E+000	-1.0565247528117444E-007	3.8957366936516400E+000	5.6074269980330218E+000	2.5354989481658570E+000	7.7313808586266219E-001	8.2316071986922239E+000	2.5482754803557879E+000	9.8409228346292965E-001	5.5939462990657030E-001 
142	7.5004547699537240E+006	2.5482663504167441E+001	-3.0173364958325593E+000	-1.1182734995206433E-007	3.8927436022949764E+000	5.6106444645874518E+000	2.5430938641564000E+000	7.5794644455278881E-001	8.2363446642580112E+000	2.5617757091468834E+000	9.8339624283675720E-001	5.5935695157686527E-001 
145	7.5022184002971798E+006	2.5482233005582987E+001	-3.0177669944170127E+000	-4.0080564479732278E-007	3.8782535139059364E+000	5.6123610559130297E+000	2.5729323365972681E+000	6.9826216273239494E-001	8.2511314693916518E+000	2.6069494474484625E+000	9.8196593498206930E-001	5.5926642586852193E-001 
150	7.5047634993323758E+006	2.5477134232211739E+001	-3.0228657677882609E+000	-3.7777365790223846E-006	3.7597151414278680E+000	5.6053352127945271E+000	2.8064961599941549E+000	2.3104760869204277E-001	8.2742357392819343E+000	2.6777856582776138E+000	9.7741026459587388E-001	5.5869244851408928E-001 
155	7.5060286060320642E+006	2.5474955690311845E+001	-3.0250443096881554E+000	-8.0217360183856799E-007	3.7206713189072755E+000	5.6066551375090414E+000	2.8852437673925952E+000	7.3515255919949063E-002	8.2755476537051749E+000	2.6806949011911421E+000	9.7446406029278954E-001	5.5788834188776315E-001 
157	7.5065353888829760E+006	2.5474502968825966E+001	-3.0254970311740337E+000	-9.2067542008868924E-007	3.7121323020626447E+000	5.6086966923517201E+000	2.9033425785031963E+000	3.7309915679818853E-002	8.2757800396195105E+000	2.6810302488090589E+000	9.7322657675280255E-001	5.5762172722791914E-001 
160	7.5075019203097308E+006	2.5473500540419813E+001	-3.0264994595801866E+000	-1.0896328640343075E-006	3.7017632802651494E+000	5.6122646892513304E+000	2.9258646205479937E+000	-7.7512583483548281E-003	8.2762191709268844E+000	2.6817949038412321E+000	9.7081672795800966E-001	5.5721828316676214E-001 
165	7.5098747076870548E+006	2.5470553873600473E+001	-3.0294461263995274E+000	-1.3151957468344337E-006	3.6908870767571051E+000	5.6165472618849872E+000	2.9497583138809103E+000	-5.5588885269142164E-002	8.2768010629585902E+000	2.6825496258807751E+000	9.6521076825275554E-001	5.5673312111937090E-001 
170	7.5136961054861117E+006	2.5465199905358521E+001	-3.0348000946414793E+000	-1.4388785525111944E-006	3.6857349976995208E+000	5.6180989286684735E+000	2.9608383053878207E+000	-7.7840167564894744E-002	8.2776144425222498E+000	2.6837689558438327E+000	9.5539258692768814E-001	5.5650559378847342E-001 
175	7.5198505048554698E+006	2.5456061730059933E+001	-3.0439382699400674E+000	-1.5077656002097217E-006	3.6829925120070985E+000	5.6190002558691470E+000	2.9667739403730033E+000	-8.9867311880159756E-002	8.2782855856122204E+000	2.6839672774247005E+000	9.4114452379121782E-001	5.5635969637165139E-001 
180	7.5297622265838152E+006	2.5440941178164763E+001	-3.0590588218352366E+000	-1.5381302465680069E-006	3.6822050399849160E+000	5.6203509778061944E+000	2.9690242453858917E+000	-9.4625963522116968E-002	8.2799921538072425E+000	2.6861447267113387E+000	9.1685145119356914E-001	5.5622667157810324E-001 
185	7.5457251535445340E+006	2.5416039679891568E+001	-3.0839603201084316E+000	-1.5762758985646922E-006	3.6806627252391242E+000	5.6224366200628095E+000	2.9731516960057820E+000	-1.0330615875194415E-001	8.2826585483074791E+000	2.6890587457258435E+000	8.7744785076453302E-001	5.5608324440387702E-001 
190	7.5650253841191465E+006	2.5385167038528976E+001	-3.1148329614710235E+000	-1.6177656698777066E-006	3.6792800576542244E+000	5.6250565858401353E+000	2.9772270140642445E+000	-1.1198464923699269E-001	8.2857876569306459E+000	2.6921288293524106E+000	8.3181813603144705E-001	5.5591657963035090E-001 
195	7.5801127047766102E+006	2.5360501147983324E+001	-3.1394988520166756E+000	-1.6493455272317708E-006	3.6782845830291504E+000	5.6271049191131661E+000	2.9802421299509079E+000	-1.1843707511601029E-001	8.2884873582001291E+000	2.6953271814419897E+000	7.9556135538087314E-001	5.5572416945936687E-001 
196	7.5826020714013660E+006	2.5356377303147291E+001	-3.1436226968527095E+000	-1.6565839659865794E-006	3.6780272081748731E+000	5.6274237431155214E+000	2.9809162916606406E+000	-1.1985602445391356E-001	8.2889510592328826E+000	2.6959219075198320E+000	7.8932955991013498E-001	5.5570394283066904E-001 
200	7.5922666622411599E+006	2.5340206633858713E+001	-3.1597933661412867E+000	-1.6829217435004851E-006	3.6771777210481407E+000	5.6287236346319389E+000	2.9832652116723142E+000	-1.2483091796424194E-001	8.2905319241983104E+000	2.6975579356008965E+000	7.6766545473262060E-001	5.5555919792762565E-001 
205	7.6054919915336864E+006	2.5317892619150861E+001	-3.1821073808491391E+000	-1.6879527853931289E-006	3.6773339748687999E+000	5.6305489877015606E+000	2.9838653805658075E+000	-1.2641385416002657E-001	8.2928756979092260E+000	2.7004156904850523E+000	7.3754407101712138E-001	5.5539509934995790E-001 
210	7.6193090828303192E+006	2.5294332792411172E+001	-3.2056672075888279E+000	-1.7192721192753145E-006	3.6763012876031533E+000	5.6323955567121606E+000	2.9868540396024001E+000	-1.3279549760730791E-001	8.2953469465417840E+000	2.7035365404748690E+000	7.0643357674956442E-001	5.5520963785478328E-001 
215	7.6331685264153052E+006	2.5270279476941553E+001	-3.2297205230584467E+000	-1.7438112330487668E-006	3.6756632563916720E+000	5.6343219641337754E+000	2.9890933057361702E+000	-1.3768721302800821E-001	8.2978873615876179E+000	2.7069089846762564E+000	6.7565581653492368E-001	5.5496033361748109E-001 
220	7.6472410367393652E+006	2.5245551482380442E+001	-3.2544485176195579E+000	-1.7674542604414070E-006	3.6749269936505531E+000	5.6362468022935879E+000	2.9915282502983134E+000	-1.4298228500053300E-001	8.3006301314361632E+000	2.7109160969287953E+000	6.4361980442308520E-001	5.5464604695887632E-001 
225	7.6609281384228170E+006	2.5221035701888788E+001	-3.2789642981112124E+000	-1.8074047299626235E-006	3.6738065978481123E+000	5.6381121348034453E+000	2.9947017081581251E+000	-1.4975114599597639E-001	8.3032440944393890E+000	2.7146877036264838E+000	6.1431999409238691E-001	5.5437254874352326E-001 
230	7.6755156767921867E+006	2.5194583996625049E+001	-3.3054160033749511E+000	-1.8083914136252484E-006	3.6740559147354732E+000	5.6401025388045989E+000	2.9951982763839795E+000	-1.5120000750891815E-001	8.3061199591353994E+000	2.7190790300227059E+000	5.8290925307705643E-001	5.5413092266628694E-001 
235	7.6907049832305834E+006	2.5166882318822122E+001	-3.3331176811778782E+000	-1.8320608028703237E-006	3.6737925693457352E+000	5.6421068342045402E+000	2.9967271148634262E+000	-1.5473545796818125E-001	8.3093491271127782E+000	2.7244886840112374E+000	5.4913571286480312E-001	5.5369642740493297E-001 
240	7.7060874215344079E+006	2.5138603097587168E+001	-3.3613969024128316E+000	-1.8473667548100390E-006	3.6734075631733205E+000	5.6440914333070600E+000	2.9984894267595150E+000	-1.5874835897016557E-001	8.3126766753439281E+000	2.7302339618206966E+000	5.1596313745434996E-001	5.5337013377174549E-001 
245	7.7219292010808308E+006	2.5109187427607292E+001	-3.3908125723927078E+000	-1.8640498402788242E-006	3.6730355445010647E+000	5.6460722733114972E+000	3.0002238841062461E+000	-1.6272575630453942E-001	8.3160013514220061E+000	2.7359080742218391E+000	4.8428288683457155E-001	5.5299550669301101E-001 
250	7.7383595785751147E+006	2.5078378545442227E+001	-3.4216214545577728E+000	-1.8798150934984916E-006	3.6727218953383605E+000	5.6481148197735580E+000	3.0018724556626846E+000	-1.6655610436327203E-001	8.3197635812782629E+000	2.7428895642077857E+000	4.5055272736248336E-001	5.5256364943657144E-001 
255	7.7553799717948930E+006	2.5046130063493052E+001	-3.4538699365069476E+000	-1.9056833320390346E-006	3.6719896816625615E+000	5.6501373950269898E+000	3.0043481706409980E+000	-1.7206635634454653E-001	8.3238279786878220E+000	2.7507581056893007E+000	4.1616436947152913E-001	5.5192739206135633E-001 
260	7.7730873911282690E+006	2.5012264570962415E+001	-3.4877354290375848E+000	-1.9151789872809481E-006	3.6719677274954150E+000	5.6522319430093617E+000	3.0054393529664778E+000	-1.7483633867218876E-001	8.3286254521462322E+000	2.7608786531867504E+000	3.7812092935253949E-001	5.5136778159428346E-001 
265	7.7914537240292756E+006	2.4976985160463460E+001	-3.5230148395365397E+000	-1.9286747407467376E-006	3.6718120066593034E+000	5.6543218521896907E+000	3.0067957492288646E+000	-1.7816212922876135E-001	8.3340829184750671E+000	2.7730463629494002E+000	3.3786780128103672E-001	5.5068916520869349E-001 
270	7.8106330838415669E+006	2.4939728626813800E+001	-3.5602713731862003E+000	-1.9431955978456009E-006	3.6718652696137668E+000	5.6564735323885147E+000	3.0077650634193502E+000	-1.8074904988523732E-001	8.3390914572794586E+000	2.7836839904400845E+000	3.0446169750065144E-001	5.4989993762304368E-001 
275	7.8305840471386211E+006	2.4900679256211301E+001	-3.5993207437886987E+000	-1.9716245755150852E-006	3.6708926252964575E+000	5.6586307755991125E+000	3.0107889736592672E+000	-1.8747739969317678E-001	8.3456327619828787E+000	2.7991067057382102E+000	2.6485468590416406E-001	5.4890779015695035E-001 
280	7.8519340335763106E+006	2.4858223348774633E+001	-3.6417766512253671E+000	-1.9934039612764098E-006	3.6705445541483721E+000	5.6609011909888629E+000	3.0126203236503128E+000	-1.9188120809338211E-001	8.3520608034452142E+000	2.8139608212960447E+000	2.3054301663060686E-001	5.4755630806746702E-001 
285	7.8735223312299056E+006	2.4814634564346697E+001	-3.6853654356533028E+000	-2.0376752438225301E-006	3.6691124259319299E+000	5.6631349858450983E+000	3.0166014775113164E+000	-2.0060571771816937E-001	8.3594863607327881E+000	2.8320489639583317E+000	1.9572683137547367E-001	5.4565994807409968E-001 
290	7.8945139373983694E+006	2.4771397524057477E+001	-3.7286024759425231E+000	-2.0673777890317837E-006	3.6687462400926405E+000	5.6653004542513488E+000	3.0184165833930203E+000	-2.0499330457208356E-001	8.3669662837626877E+000	2.8505877607129051E+000	1.6575513662863270E-001	5.4333111637583176E-001 
295	7.9207442013661331E+006	2.4716376877511440E+001	-3.7836231224885601E+000	-2.1205134899422204E-006	3.6670559234814872E+000	5.6678971262186506E+000	3.0230955525989778E+000	-2.1531694303094079E-001	8.3785878049830771E+000	2.8811276062690525E+000	1.2631225303168447E-001	5.3976418070537124E-001 
300	7.9464509331325414E+006	2.4660751242703689E+001	-3.8392487572963105E+000	-2.1880270762024422E-006	3.6654411425621611E+000	5.6703484501069106E+000	3.0275507763817591E+000	-2.2520589693693846E-001	8.3909361452182445E+000	2.9141733064555440E+000	9.4299553876968353E-002	5.3359865712923060E-001 
305	7.9719401942052012E+006	2.4603903264618431E+001	-3.8960967353815690E+000	-2.2668073508571091E-006	3.6631251984389626E+000	5.6728294593076427E+000	3.0334231692285218E+000	-2.3795297420826353E-001	8.4038617159841777E+000	2.9491846393442898E+000	7.0287411343180048E-002	5.2477869228146856E-001 
310	7.9921129304259811E+006	2.4557185996270054E+001	-3.9428140037299464E+000	-2.3329802589910786E-006	3.6626090083630864E+000	5.6750836525879871E+000	3.0355826460204480E+000	-2.4309733903770353E-001	8.4180191928119275E+000	2.9890925766686967E+000	5.0048593690913981E-002	5.1522739864434364E-001 
315	8.0098172071425766E+006	2.4517678323135332E+001	-3.9823216768646681E+000	-2.1155132009178338E-006	3.6719853518282730E+000	5.6781815963039133E+000	3.0183789309480371E+000	-2.0938916576826649E-001	8.4381025064136672E+000	3.0477095893889188E+000	2.8956589612098019E-002	5.0562374000997212E-001 
320	8.0256381209008712E+006	2.4488455597871642E+001	-4.0115444021283579E+000	-1.6522478376481456E-006	3.6909593447722444E+000	5.6822043589481623E+000	2.9824423263822180E+000	-1.3803390281262815E-001	8.4705909759704170E+000	3.1445468273490156E+000	9.9792744865243831E-003	4.8418828197174146E-001 
325	8.0291557530587977E+006	2.4483197540656992E+001	-4.0168024593430083E+000	-1.4608954825837281E-006	3.6962181420388869E+000	5.6843853553391108E+000	2.9730152300444086E+000	-1.1927297001680794E-001	8.4843482234871797E+000	3.1860430033589990E+000	5.6789829059070941E-003	4.7750722917705180E-001 
330	8.0332824743213458E+006	2.4477234482561332E+001	-4.0227655174386676E+000	-1.4417979647094402E-006	3.6969726617185756E+000	5.6881321016489537E+000	2.9733795638399525E+000	-1.2010742602241740E-001	8.5213881783640328E+000	3.2985464631416876E+000	7.7065895512641504E-004	4.7415214250159460E-001 
335	8.0352061537920702E+006	2.4474434037016703E+001	-4.0255659629832969E+000	-1.4622939719316037E-006	3.6962652601904002E+000	5.6891924144939097E+000	2.9753245233187808E+000	-1.2404703554568752E-001	8.6002190030189993E+000	3.5416956831067652E+000	2.3259634343475811E-018	4.6806624279676579E-001 
340	8.0362568690473028E+006	2.4472870145663194E+001	-4.0271298543368061E+000	-1.5050835708262782E-006	3.6960606936817966E+000	5.6992194112755996E+000	2.9807471547268327E+000	-1.3492005022256129E-001	8.6526315734294581E+000	3.7056575907726579E+000	1.6108149205898206E-016	4.6074601267917809E-001 
345	8.0372152603979455E+006	2.4471434810596680E+001	-4.0285651894033201E+000	-1.4662102540101309E-006	3.7022096850054598E+000	5.7146033162192111E+000	2.9761411245513130E+000	-1.2573346201173544E-001	8.6975615983463612E+000	3.8488551125692210E+000	6.8297771874549533E-016	4.5386767371904418E-001 
350	8.0379942290086728E+006	2.4470422822588009E+001	-4.0295771774119906E+000	-1.1196840228923398E-006	3.7274258467807546E+000	5.7281606447854827E+000	2.9324874652838582E+000	-3.8444103596414099E-002	8.7338973042866002E+000	3.9684615656140707E+000	2.3131050368677709E-015	4.4710565403977531E-001 
355	8.0386967412054157E+006	2.4469808522470441E+001	-4.0301914775295593E+000	-7.3078675769591463E-007	3.7578116518753610E+000	5.7370103896338343E+000	2.8761407275188211E+000	7.4238469363567511E-002	8.7667039467111110E+000	4.0864532987071795E+000	7.2005603249012184E-015	4.4188982365895429E-001 
360	8.0395317797263097E+006	2.4469315755458041E+001	-4.0306842445419591E+000	-5.4204290457305617E-007	3.7880081203708165E+000	5.7465205192073210E+000	2.8205028553146541E+000	1.8550546796790476E-001	8.8083938778693760E+000	4.2853604059688903E+000	3.1778570612300850E-014	4.4057184958863649E-001 
365	8.0398007473039664E+006	2.4468562807478275E+001	-4.0314371925217252E+000	-3.0523729732032628E-006	3.8249953448176188E+000	5.7609146990873716E+000	2.7537254963610738E+000	3.1904682194665596E-001	8.8224156461884977E+000	4.3847929660664828E+000	5.2930394809199759E-014	4.4011187712131189E-001 
370	8.0401067945793755E+006	2.4467791272916877E+001	-4.0322087270831233E+000	-3.7234361520105172E-006	3.8628368728402860E+000	5.7568047534476916E+000	2.6759874674959003E+000	4.7450918543234832E-001	8.8746159653077932E+000	4.7163010636450720E+000	3.5341388186334718E-013	4.3967541181563946E-001 
375	8.0401638632284477E+006	2.4467575315380142E+001	-4.0324246846198584E+000	-3.1101795413510461E-006	3.8716977935643171E+000	5.7575730779799157E+000	2.6586497883139493E+000	5.0918071061084424E-001	8.9884173151361235E+000	5.2460740918623108E+000	1.4772808164679959E-012	4.3942223929581081E-001 
380	8.0401670346718859E+006	2.4467566557408112E+001	-4.0324334425918877E+000	-1.9521062985916035E-006	3.8732399414021748E+000	5.7742222736709685E+000	2.6638900904837608E+000	4.9869995081897234E-001	9.1357716639977493E+000	5.9898948012827731E+000	2.3892847834592564E-013	4.3939150590826070E-001 
385	8.0401671349926237E+006	2.4467566414955193E+001	-4.0324335850448065E+000	-4.2368583282139636E-007	3.8730591813640411E+000	5.7924070696291512E+000	2.6733440085391194E+000	4.7979211217974432E-001	9.2751542639407258E+000	6.4739662373258531E+000	9.0848320509657771E-012	4.3939052970221582E-001 
390	8.0401671394192707E+006	2.4467566414216588E+001	-4.0324335857834122E+000	0.0000000000000000E+000	3.8731913510583356E+000	5.7998496698371067E+000	2.6768009692545083E+000	4.7287819073585646E-001	9.3096798117608621E+000	6.5028618498410893E+000	7.5694377594844125E-011	4.3939048763569177E-001 
395	8.0401671429945724E+006	2.4467566414216588E+001	-4.0324335857834122E+000	0.0000000000000000E+000	3.8732091956976880E+000	5.8049742358154690E+000	2.6793275629649851E+000	4.6782500331490290E-001	9.3255576976864560E+000	6.4539299894408177E+000	2.0643092581221215E-010	4.3939045669694199E-001 
400	8.0401671481683496E+006	2.4467566414216588E+001	-4.0324335857834122E+000	0.0000000000000000E+000	3.8731655037711836E+000	5.8087869344837433E+000	2.6813212961521318E+000	4.6383753694060886E-001	9.3284454040888818E+000	6.4046215405480682E+000	2.0474664541031660E-010	4.3939041354593056E-001 
405	8.0401671542890994E+006	2.4467566414216588E+001	-4.0324335857834122E+000	0.0000000000000000E+000	3.8731463009182341E+000	5.8109298001724969E+000	2.6824311347024072E+000	4.6161785984005871E-001	9.3316649565713785E+000	6.3824641041130006E+000	2.3611599566319092E-010	4.3939036555851341E-001 
410	8.0401671602428593E+006	2.4467566414216588E+001	-4.0324335857834122E+000	0.0000000000000000E+000	3.8731434591429132E+000	5.8120409609016050E+000	2.6829923986176021E+000	4.6049533200966880E-001	9.3351677020930897E+000	6.3761997203306278E+000	2.2364386816779095E-010	4.3939032209478934E-001 
415	8.0401671658482812E+006	2.4467566414216588E+001	-4.0324335857834122E+000	0.0000000000000000E+000	3.8731361616037039E+000	5.8127312857805604E+000	2.6833521561354994E+000	4.5977581697387360E-001	9.3383474118796528E+000	6.3780640661980703E+000	2.0826424355999989E-010	4.3939028340623054E-001 
420	8.0401671719569014E+006	2.4467566414216588E+001	-4.0324335857834122E+000	0.0000000000000000E+000	3.8731171826627975E+000	5.8137763506362550E+000	2.6839126464451586E+000	4.5865483635455556E-001	9.3421773707559961E+000	6.3842546342960800E+000	1.9004179057911128E-010	4.3939024296494106E-001 
425	8.0401671787944976E+006	2.4467566414216588E+001	-4.0324335857834122E+000	0.0000000000000000E+000	3.8730100514409704E+000	5.8149861457697885E+000	2.6847318064555785E+000	4.5701651633371559E-001	9.3473565136534500E+000	6.3966515503969017E+000	1.7715330055852527E-010	4.3939019953831204E-001 
430	8.0401671840892918E+006	2.4467566414216588E+001	-4.0324335857834122E+000	0.0000000000000000E+000	3.8729149093080464E+000	5.8160115214537038E+000	2.6854347785633852E+000	4.5561057211810191E-001	9.3518886518392108E+000	6.4106811592789628E+000	1.7650859620090533E-010	4.3939016699483247E-001 
435	8.0401671885762326E+006	2.4467566414216588E+001	-4.0324335857834122E+000	0.0000000000000000E+000	3.8728735158449399E+000	5.8165055283327796E+000	2.6857645689291365E+000	4.5495099138659933E-001	9.3557341529485107E+000	6.4209493121802650E+000	1.8594563635480008E-010	4.3939013966559015E-001 
440	8.0401671920789937E+006	2.4467566414216588E+001	-4.0324335857834122E+000	0.0000000000000000E+000	3.8728504816708056E+000	5.8167836766273258E+000	2.6859497114246782E+000	4.5458070639551673E-001	9.3616000881842503E+000	6.4391636967094206E+000	2.2728745917400154E-010	4.3939011845596132E-001 
445	8.0401671954215178E+006	2.4467566414216588E+001	-4.0324335857834122E+000	0.0000000000000000E+000	3.8728306315519339E+000	5.8170191646281646E+000	2.6861071556628411E+000	4.5426581791919030E-001	9.3687207924694196E+000	6.4622119416246386E+000	3.0965383056251173E-010	4.3939009819088887E-001 
450	8.0401671985764243E+006	2.4467566414216588E+001	-4.0324335857834122E+000	0.0000000000000000E+000	3.8727889605322532E+000	5.8174829787327358E+000	2.6864224047544876E+000	4.5363531973589732E-001	9.3746371763044340E+000	6.4812850077686477E+000	4.0441110030711592E-010	4.3939007913827621E-001 
455	8.0401672019089619E+006	2.4467566414216588E+001	-4.0324335857834122E+000	0.0000000000000000E+000	3.8727533283465028E+000	5.8178790425929217E+000	2.6866917010560822E+000	4.5309672713270832E-001	9.3846433245287368E+000	6.5150746213893616E+000	7.3450259623279026E-010	4.3939005910030610E-001 
460	8.0401672045362843E+006	2.4467566414216588E+001	-4.0324335857834122E+000	0.0000000000000000E+000	3.8726672725882949E+000	5.8188111475364073E+000	2.6873298650442403E+000	4.5182039915639233E-001	9.4010682317045831E+000	6.5779232309133189E+000	2.0484799108378411E-009	4.3939004344602384E-001 
465	8.0401672063649045E+006	2.4467566414216588E+001	-4.0324335857834122E+000	0.0000000000000000E+000	3.8726073321793133E+000	5.8194712843591896E+000	2.6877798142735947E+000	4.5092050069768352E-001	9.4333893471883119E+000	6.7293604138280276E+000	1.5021541369489251E-008	4.3939003266567656E-001 
470	8.0401672072820514E+006	2.4467566414216588E+001	-4.0324335857834122E+000	0.0000000000000000E+000	3.8725988693604139E+000	5.8194943436710558E+000	2.6878082695673262E+000	4.5086359011022065E-001	9.4583980896511370E+000	6.9282735650725344E+000	4.9320113038996398E-008	4.3939002733320648E-001 
475	8.0401672075845953E+006	2.4467566414216588E+001	-4.0324335857834122E+000	0.0000000000000000E+000	3.8725985491646515E+000	5.8195003225880795E+000	2.6878118994173628E+000	4.5085633041014683E-001	9.4668477487054581E+000	7.0107007584390590E+000	6.9777043795387734E-008	4.3939002553725320E-001 
480	8.0401672077460820E+006	2.4467566414216588E+001	-4.0324335857834122E+000	0.0000000000000000E+000	3.8725967520690650E+000	5.8195030495079569E+000	2.6878168570684746E+000	4.5084641510792350E-001	9.4716658881692428E+000	7.0571616644704021E+000	8.2670859338005881E-008	4.3939002458347515E-001 
485	8.0401672078939322E+006	2.4467566414216588E+001	-4.0324335857834122E+000	0.0000000000000000E+000	3.8725933537040373E+000	5.8195432227589032E+000	2.6878437404240039E+000	4.5079264839686534E-001	9.4769517728775554E+000	7.0991579097223303E+000	1.0105584423854718E-007	4.3939002370819213E-001 
490	8.0401672080529993E+006	2.4467566414216588E+001	-4.0324335857834122E+000	0.0000000000000000E+000	3.8725878604799093E+000	5.8196075635290381E+000	2.6878868972573269E+000	4.5070633473021932E-001	9.4818262738148746E+000	7.1440957972774166E+000	1.0979670684707406E-007	4.3939002276869743E-001 
495	8.0401672081873491E+006	2.4467566414216588E+001	-4.0324335857834122E+000	0.0000000000000000E+000	3.8725818157827723E+000	5.8196770312748480E+000	2.6879337205245060E+000	4.5061268819586109E-001	9.4851202073947078E+000	7.1794360149772922E+000	1.1697007604366610E-007	4.3939002197674965E-001 
500	8.0401672083394555E+006	2.4467566414216588E+001	-4.0324335857834122E+000	0.0000000000000000E+000	3.8725716015584442E+000	5.8197908276575232E+000	2.6880110471644989E+000	4.5045803491587466E-001	9.4856920641865230E+000	7.2148903403467122E+000	1.0117175581205824E-007	4.3939002108310987E-001 
505	8.0401672085013855E+006	2.4467566414216588E+001	-4.0324335857834122E+000	0.0000000000000000E+000	3.8725556812247204E+000	5.8199718949716921E+000	2.6881334214890318E+000	4.5021328626680912E-001	9.4851030734767967E+000	7.2409638239647043E+000	8.3163922652486947E-008	4.3939002013440970E-001 
510	8.0401672087078383E+006	2.4467566414216588E+001	-4.0324335857834122E+000	0.0000000000000000E+000	3.8725238515713802E+000	5.8203301785757056E+000	2.6883762225977197E+000	4.4972768404943342E-001	9.4794307622489296E+000	7.2653670287014585E+000	5.0675888707371621E-008	4.3939001893657109E-001 
515	8.0401672088967357E+006	2.4467566414216588E+001	-4.0324335857834122E+000	0.0000000000000000E+000	3.8724860892923298E+000	5.8207527399990591E+000	2.6886630278674963E+000	4.4915407350987990E-001	9.4742131788014650E+000	7.2831538220775336E+000	3.3249780788153549E-008	4.3939001785966908E-001 
520	8.0401672090918226E+006	2.4467566414216588E+001	-4.0324335857834122E+000	0.0000000000000000E+000	3.8724588528953765E+000	5.8210502325798394E+000	2.6888662469517928E+000	4.4874763534128753E-001	9.4695152940399669E+000	7.3006149195111565E+000	2.2663037478700393E-008	4.3939001676257494E-001 
525	8.0401672092758762E+006	2.4467566414216588E+001	-4.0324335857834122E+000	0.0000000000000000E+000	3.8724388162878527E+000	5.8212666723356365E+000	2.6890145400447403E+000	4.4845104915539258E-001	9.4661142027284217E+000	7.3170735186191909E+000	1.6973957595906412E-008	4.3939001573036190E-001 
530	8.0401672095722957E+006	2.4467566414216588E+001	-4.0324335857834122E+000	0.0000000000000000E+000	3.8724127227882863E+000	5.8215471626519699E+000	2.6892069722020389E+000	4.4806618484079502E-001	9.4623571815612308E+000	7.3437976804403631E+000	1.2015241801495081E-008	4.3939001407201150E-001 
535	8.0401672100496823E+006	2.4467566414216588E+001	-4.0324335857834122E+000	0.0000000000000000E+000	3.8723788195607067E+000	5.8219167505943377E+000	2.6894595726283823E+000	4.4756098398810817E-001	9.4586291851750257E+000	7.3849176555501463E+000	8.1512853333491095E-009	4.3939001137965977E-001 
540	8.0401672103279931E+006	2.4467566414216588E+001	-4.0324335857834122E+000	0.0000000000000000E+000	3.8723620604925770E+000	5.8221030456214411E+000	2.6895862382781934E+000	4.4730765268848593E-001	9.4569794501189239E+000	7.4067123785413074E+000	6.7865922250580599E-009	4.3939000980444687E-001 
545	8.0401672105605658E+006	2.4467566414216588E+001	-4.0324335857834122E+000	0.0000000000000000E+000	3.8723485169570075E+000	5.8222547443255719E+000	2.6896891747013969E+000	4.4710177984207877E-001	9.4558867193817484E+000	7.4241005528566468E+000	5.9535600724007850E-009	4.3939000848590642E-001 
550	8.0401672109351261E+006	2.4467566414216588E+001	-4.0324335857834122E+000	0.0000000000000000E+000	3.8723298699523774E+000	5.8224655941726455E+000	2.6898318936341954E+000	4.4681634197648207E-001	9.4550221751565626E+000	7.4520955397456863E+000	5.1324316205240024E-009	4.3939000635389525E-001 
555	8.0401672115383614E+006	2.4467566414216588E+001	-4.0324335857834122E+000	0.0000000000000000E+000	3.8723032962049246E+000	5.8227753535373337E+000	2.6900399208114441E+000	4.4640028762198508E-001	9.4544093597548944E+000	7.4942781433679757E+000	4.3052674871075783E-009	4.3939000290346303E-001 
560	8.0401672122148816E+006	2.4467566414216588E+001	-4.0324335857834122E+000	0.0000000000000000E+000	3.8722797872695707E+000	5.8230593561869464E+000	2.6902289400069588E+000	4.4602224923095540E-001	9.4555118431656275E+000	7.5410923162465870E+000	4.0084759232717345E-009	4.3938999900140197E-001 
565	8.0401672126558078E+006	2.4467566414216588E+001	-4.0324335857834122E+000	0.0000000000000000E+000	3.8722614747200308E+000	5.8232799865481581E+000	2.6903758802866440E+000	4.4572836867158472E-001	9.4547603732999352E+000	7.5651354499119865E+000	3.5167242864418434E-009	4.3938999644771326E-001 
570	8.0401672131743897E+006	2.4467566414216588E+001	-4.0324335857834122E+000	0.0000000000000000E+000	3.8722460687050368E+000	5.8234709296656595E+000	2.6905021638753825E+000	4.4547580149410759E-001	9.4566571764417322E+000	7.5987552567549566E+000	3.6023843055669262E-009	4.3938999343892832E-001 
575	8.0401672137397323E+006	2.4467566414216588E+001	-4.0324335857834122E+000	0.0000000000000000E+000	3.8722286389003200E+000	5.8236867796253957E+000	2.6906449484646848E+000	4.4519023231550281E-001	9.4570908235903506E+000	7.6286198366718514E+000	3.3687029775294681E-009	4.3938999014487023E-001 
580	8.0401672142299451E+006	2.4467566414216588E+001	-4.0324335857834122E+000	0.0000000000000000E+000	3.8722171539344443E+000	5.8238364850036657E+000	2.6907427710855707E+000	4.4499458707373118E-001	9.4582772322731010E+000	7.6550358395195248E+000	3.3554880617961495E-009	4.3938998727908463E-001 
585	8.0401672145819189E+006	2.4467566414216588E+001	-4.0324335857834122E+000	0.0000000000000000E+000	3.8722117729598100E+000	5.8239102498904458E+000	2.6907904154782294E+000	4.4489929828841379E-001	9.4600841428844156E+000	7.6758762328857646E+000	3.5516252620535160E-009	4.3938998521241035E-001 
590	8.0401672148879124E+006	2.4467566414216588E+001	-4.0324335857834122E+000	0.0000000000000000E+000	3.8722081567821061E+000	5.8239622530772586E+000	2.6908236494270432E+000	4.4483283039078669E-001	9.4622997697213211E+000	7.6954046642652836E+000	3.8785794244404627E-009	4.3938998340362012E-001 
595	8.0401672151683075E+006	2.4467566414216588E+001	-4.0324335857834122E+000	0.0000000000000000E+000	3.8722062869094191E+000	5.8239953163118265E+000	2.6908439207897015E+000	4.4479228766546941E-001	9.4643833672030127E+000	7.7132068785861625E+000	4.2127519485009756E-009	4.3938998174744331E-001 
600	8.0401672154481793E+006	2.4467566414216588E+001	-4.0324335857834122E+000	0.0000000000000000E+000	3.8722057802445558E+000	5.8240126409267745E+000	2.6908535964269023E+000	4.4477293639106819E-001	9.4670726053669405E+000	7.7324127384749239E+000	4.7366462420418056E-009	4.3938998007776581E-001 
605	8.0401672157234829E+006	2.4467566414216588E+001	-4.0324335857834122E+000	0.0000000000000000E+000	3.8722070461740117E+000	5.8240102325858381E+000	2.6908498603975222E+000	4.4478040844982847E-001	9.4699635895784855E+000	7.7517411010160044E+000	5.3784722444642015E-009	4.3938997843912497E-001 
610	8.0401672159392033E+006	2.4467566414216588E+001	-4.0324335857834122E+000	0.0000000000000000E+000	3.8722095984103855E+000	5.8239920634307483E+000	2.6908356713472306E+000	4.4480878655041139E-001	9.4727451158664113E+000	7.7680924192113414E+000	6.1090299781256487E-009	4.3938997714683359E-001 
615	8.0401672161546657E+006	2.4467566414216588E+001	-4.0324335857834122E+000	0.0000000000000000E+000	3.8722136879298934E+000	5.8239548987910048E+000	2.6908089099883421E+000	4.4486230926818865E-001	9.4762037628111901E+000	7.7860105782795603E+000	7.1924985154594333E-009	4.3938997584905509E-001 
620	8.0401672162894998E+006	2.4467566414216588E+001	-4.0324335857834122E+000	0.0000000000000000E+000	3.8722171034572006E+000	5.8239246775434843E+000	2.6907869683099683E+000	4.4490619262493636E-001	9.4787069822188652E+000	7.7979865892262739E+000	8.0685746537035525E-009	4.3938997503045496E-001 
625	8.0401672163030440E+006	2.4467566414216588E+001	-4.0324335857834122E+000	0.0000000000000000E+000	3.8722176796251784E+000	5.8239179335205549E+000	2.6907824439625472E+000	4.4491524131977828E-001	9.4790128423929083E+000	7.7993345624999755E+000	8.1918189669677433E-009	4.3938997494846982E-001 
630	8.0401672163237697E+006	2.4467566414216588E+001	-4.0324335857834122E+000	0.0000000000000000E+000	3.8722184610154469E+000	5.8239103681517985E+000	2.6907770984976329E+000	4.4492593224960730E-001	9.4795085900926335E+000	7.8014664525529271E+000	8.3970723971706442E-009	4.3938997482322822E-001 
635	8.0401672163571510E+006	2.4467566414216588E+001	-4.0324335857834122E+000	0.0000000000000000E+000	3.8722196709275614E+000	5.8238967469296830E+000	2.6907678680623452E+000	4.4494439312018214E-001	9.4803496432733851E+000	7.8049985907786006E+000	8.7585383585732888E-009	4.3938997462176665E-001 
640	8.0401672164109116E+006	2.4467566414216588E+001	-4.0324335857834122E+000	0.0000000000000000E+000	3.8722220546233048E+000	5.8238726370190372E+000	2.6907510457155346E+000	4.4497803781380357E-001	9.4818407306410233E+000	7.8110027443345755E+000	9.4430226300818800E-009	4.3938997429524779E-001 
645	8.0401672164974930E+006	2.4467566414216588E+001	-4.0324335857834122E+000	0.0000000000000000E+000	3.8722266651949160E+000	5.8238243588018523E+000	2.6907176854637211E+000	4.4504475831743012E-001	9.4847356740753241E+000	7.8217963066966334E+000	1.0948223427077038E-008	4.3938997376953615E-001 
650	8.0401672166369343E+006	2.4467566414216588E+001	-4.0324335857834122E+000	0.0000000000000000E+000	3.8722372149506956E+000	5.8237125784336987E+000	2.6906406957680846E+000	4.4519873770870383E-001	9.4914144478131579E+000	7.8433527845285562E+000	1.5486877605822639E-008	4.3938997291954091E-001 
655	8.0401672167746816E+006	2.4467566414216588E+001	-4.0324335857834122E+000	0.0000000000000000E+000	3.8722361027976815E+000	5.8234575791231480E+000	2.6905154204188384E+000	4.4544928840719605E-001	9.5037501930795365E+000	7.8735377108472715E+000	2.9916727638015509E-008	4.3938997208145758E-001 
660	8.0401672168819811E+006	2.4467566414216588E+001	-4.0324335857834122E+000	0.0000000000000000E+000	3.8722547950808308E+000	5.8232525279851295E+000	2.6903755102835296E+000	4.4572910867781312E-001	9.5282447729486819E+000	7.9019169027286944E+000	1.2088009455925618E-007	4.3938997142557978E-001 
665	8.0401672169280984E+006	2.4467566414216588E+001	-4.0324335857834122E+000	0.0000000000000000E+000	3.8722617546907778E+000	5.8231791965704431E+000	2.6903249253562929E+000	4.4583027853228702E-001	9.5571869833883198E+000	7.8951867974907675E+000	7.8463006273514928E-007	4.3938997114080364E-001 
670	8.0401672169432109E+006	2.4467566414216588E+001	-4.0324335857834122E+000	0.0000000000000000E+000	3.8722610220443916E+000	5.8231906456772133E+000	2.6903321152024509E+000	4.4581589883997141E-001	9.5703412740143659E+000	7.8698068784656821E+000	2.0330327180201456E-006	4.3938997104748306E-001 
675	8.0401672169482177E+006	2.4467566414216588E+001	-4.0324335857834122E+000	0.0000000000000000E+000	3.8722599192912881E+000	5.8232056971581869E+000	2.6903418464491438E+000	4.4579643634658528E-001	9.5744085348065848E+000	7.8550363415049320E+000	2.7832815883503962E-006	4.3938997101659960E-001 
680	8.0401672169515761E+006	2.4467566414216588E+001	-4.0324335857834122E+000	0.0000000000000000E+000	3.8722586615470527E+000	5.8232212490455844E+000	2.6903521378813133E+000	4.4577585348224574E-001	9.5766613071544064E+000	7.8425674173796187E+000	3.3579107852928766E-006	4.3938997099584914E-001 
685	8.0401672169546690E+006	2.4467566414216588E+001	-4.0324335857834122E+000	0.0000000000000000E+000	3.8722570654533808E+000	5.8232415004256168E+000	2.6903654557586729E+000	4.4574921772752651E-001	9.5783391086458902E+000	7.8298634375107703E+000	3.9056727734248175E-006	4.3938997097690796E-001 
690	8.0401672169577423E+006	2.4467566414216588E+001	-4.0324335857834122E+000	0.0000000000000000E+000	3.8722553004994804E+000	5.8232637910466805E+000	2.6903801309770050E+000	4.4571986729086238E-001	9.5795863849821252E+000	7.8164256098288538E+000	4.4273375141752268E-006	4.3938997095809634E-001 
695	8.0401672169616884E+006	2.4467566414216588E+001	-4.0324335857834122E+000	0.0000000000000000E+000	3.8722528194552099E+000	5.8232945562711960E+000	2.6904004756778046E+000	4.4567917788926381E-001	9.5805655106739227E+000	7.7984452364204682E+000	5.0050544362510149E-006	4.3938997093393023E-001 
700	8.0401672169671375E+006	2.4467566414216588E+001	-4.0324335857834122E+000	0.0000000000000000E+000	3.8722493488912151E+000	5.8233363050229787E+000	2.6904282911816861E+000	4.4562354688150019E-001	9.5811246409461024E+000	7.7742949122068774E+000	5.6191378537326446E-006	4.3938997090073550E-001 
705	8.0401672169743879E+006	2.4467566414216588E+001	-4.0324335857834122E+000	0.0000000000000000E+000	3.8722450597163620E+000	5.8233883027907360E+000	2.6904628684152700E+000	4.4555439241433281E-001	9.5807719138141056E+000	7.7445290533875060E+000	6.0572587854495182E-006	4.3938997085628223E-001 
710	8.0401672169860657E+006	2.4467566414216588E+001	-4.0324335857834122E+000	0.0000000000000000E+000	3.8722394750774658E+000	5.8234549020712594E+000	2.6905073373333241E+000	4.4546545457822462E-001	9.5792294516014600E+000	7.7048328947865166E+000	6.2420869471027698E-006	4.3938997078541314E-001 
715	8.0401672170048747E+006	2.4467566414216588E+001	-4.0324335857834122E+000	0.0000000000000000E+000	3.8722330379970815E+000	5.8235298823755191E+000	2.6905577016462225E+000	4.4536472595242793E-001	9.5762761600578532E+000	7.6576452514639657E+000	6.0028791289167567E-006	4.3938997067122459E-001 
720	8.0401672170351669E+006	2.4467566414216588E+001	-4.0324335857834122E+000	0.0000000000000000E+000	3.8722265185736151E+000	5.8236026819825328E+000	2.6906071402966631E+000	4.4526584865154628E-001	9.5723883032719375E+000	7.6075531902813616E+000	5.4686905741564713E-006	4.3938997048883621E-001 
725	8.0401672170839533E+006	2.4467566414216588E+001	-4.0324335857834122E+000	0.0000000000000000E+000	3.8722215782531575E+000	5.8236622305642625E+000	2.6906467952284419E+000	4.4518653878798869E-001	9.5685192983851799E+000	7.5589709651823069E+000	4.9516753949773005E-006	4.3938997019602261E-001 
730	8.0401672171625216E+006	2.4467566414216588E+001	-4.0324335857834122E+000	0.0000000000000000E+000	3.8722187885058776E+000	5.8236963514592883E+000	2.6906694351705158E+000	4.4514125890384071E-001	9.5657155315589879E+000	7.5147273260900169E+000	4.7348933817386735E-006	4.3938996972496142E-001 
735	8.0401672172834743E+006	2.4467566414216588E+001	-4.0324335857834122E+000	0.0000000000000000E+000	3.8722200366663864E+000	5.8236880262030057E+000	2.6906627762213566E+000	4.4515457680215936E-001	9.5651595927511188E+000	7.4784768123967895E+000	5.1268961643966275E-006	4.3938996900298921E-001 
740	8.0401672173891943E+006	2.4467566414216588E+001	-4.0324335857834122E+000	0.0000000000000000E+000	3.8722225709575699E+000	5.8236621603586531E+000	2.6906447747168141E+000	4.4519057981124488E-001	9.5662328369517731E+000	7.4583749179674212E+000	5.8808507900769194E-006	4.3938996837573752E-001 
745	8.0401672174807843E+006	2.4467566414216588E+001	-4.0324335857834122E+000	0.0000000000000000E+000	3.8722256543683322E+000	5.8236307213875271E+000	2.6906228884097265E+000	4.4523435242541931E-001	9.5677563549098092E+000	7.4457920031053586E+000	6.7898065698951167E-006	4.3938996783601003E-001 
750	8.0401672175660925E+006	2.4467566414216588E+001	-4.0324335857834122E+000	0.0000000000000000E+000	3.8722291805793958E+000	5.8235957953148603E+000	2.6905983729512641E+000	4.4528338334234446E-001	9.5696531564017011E+000	7.4370463515937981E+000	7.9453367025172444E-006	4.3938996733792590E-001 
755	8.0401672176502310E+006	2.4467566414216588E+001	-4.0324335857834122E+000	0.0000000000000000E+000	3.8722330476563611E+000	5.8235538121450920E+000	2.6905696472124503E+000	4.4534083481997233E-001	9.5718872960482191E+000	7.4313217412603247E+000	9.4250520345922607E-006	4.3938996684810389E-001 
760	8.0401672176755378E+006	2.4467566414216588E+001	-4.0324335857834122E+000	0.0000000000000000E+000	3.8722342147433029E+000	5.8235423718272594E+000	2.6905615928796509E+000	4.4535694348557120E-001	9.5726640393145939E+000	7.4300024397713340E+000	9.9820407442274469E-006	4.3938996670061198E-001 
765	8.0401672177121928E+006	2.4467566414216588E+001	-4.0324335857834122E+000	0.0000000000000000E+000	3.8722362695522605E+000	5.8235207282321717E+000	2.6905466614641913E+000	4.4538680631648980E-001	9.5738958103358804E+000	7.4284830734750109E+000	1.0912723743492032E-005	4.3938996648765072E-001 
770	8.0401672177712275E+006	2.4467566414216588E+001	-4.0324335857834122E+000	0.0000000000000000E+000	3.8722399076740639E+000	5.8234823157765341E+000	2.6905201789927653E+000	4.4543977125934231E-001	9.5761770007997846E+000	7.4274224923074312E+000	1.2801901508853738E-005	4.3938996614656523E-001 
775	8.0401672178595476E+006	2.4467566414216588E+001	-4.0324335857834122E+000	0.0000000000000000E+000	3.8722462808341485E+000	5.8234144078516028E+000	2.6904734787101314E+000	4.4553317182460989E-001	9.5804818442650479E+000	7.4302221914350497E+000	1.7062183567676397E-005	4.3938996563689792E-001 
780	8.0401672179578636E+006	2.4467566414216588E+001	-4.0324335857834122E+000	0.0000000000000000E+000	3.8722557170721696E+000	5.8233122089462785E+000	2.6904035067814260E+000	4.4567311568202106E-001	9.5872397990210665E+000	7.4415886549770356E+000	2.6373768962263134E-005	4.3938996507012951E-001 
785	8.0401672180807013E+006	2.4467566414216588E+001	-4.0324335857834122E+000	0.0000000000000000E+000	3.8722742633923453E+000	5.8231068573429203E+000	2.6902637383393961E+000	4.4595265256608047E-001	9.6013146852356392E+000	7.4795504466049296E+000	6.6116070393446364E-005	4.3938996435688293E-001 
790	8.0401672181833144E+006	2.4467566414216588E+001	-4.0324335857834122E+000	0.0000000000000000E+000	3.8722988002951388E+000	5.8228317393005948E+000	2.6900771055126467E+000	4.4632591821957968E-001	9.6060880684660237E+000	7.5741155034109600E+000	7.3809122763112810E-005	4.3938996375566536E-001 
795	8.0401672182259606E+006	2.4467566414216588E+001	-4.0324335857834122E+000	0.0000000000000000E+000	3.8723160997520929E+000	5.8226364643297277E+000	2.6899448691133041E+000	4.4659039101826425E-001	9.6345207580084917E+000	7.6226799857440000E+000	3.1896625322142143E-004	4.3938996350277670E-001 
800	8.0401672182757864E+006	2.4467566414216588E+001	-4.0324335857834122E+000	0.0000000000000000E+000	3.8723364923271455E+000	5.8224084057478711E+000	2.6897900546722715E+000	4.4690001990032929E-001	9.6482712450680701E+000	7.7190409307516195E+000	4.5638255819374651E-004	4.3938996320250467E-001 
805	8.0401672183066448E+006	2.4467566414216588E+001	-4.0324335857834122E+000	0.0000000000000000E+000	3.8723494852627045E+000	5.8222636313420990E+000	2.6896916815982661E+000	4.4709676604834048E-001	9.6605460643823875E+000	7.7815346893623767E+000	6.2496886743754513E-004	4.3938996301460126E-001 
810	8.0401672183211846E+006	2.4467566414216588E+001	-4.0324335857834122E+000	0.0000000000000000E+000	3.8723555586792364E+000	5.8221958421800393E+000	2.6896456401841733E+000	4.4718884887652632E-001	9.6662642610607339E+000	7.8144453162759602E+000	7.2039782362396775E-004	4.3938996292557403E-001 
815	8.0401672183408700E+006	2.4467566414216588E+001	-4.0324335857834122E+000	0.0000000000000000E+000	3.8723644724632065E+000	5.8220945796622487E+000	2.6895771813573370E+000	4.4732576653019823E-001	9.6723415710364140E+000	7.8658580069545883E+000	7.9513619109771350E-004	4.3938996280420251E-001 
820	8.0401672183588110E+006	2.4467566414216588E+001	-4.0324335857834122E+000	0.0000000000000000E+000	3.8723730588171916E+000	5.8219996240782921E+000	2.6895125308573893E+000	4.4745506753009412E-001	9.6792265573711784E+000	7.9131537385778801E+000	9.2283245219082315E-004	4.3938996269336417E-001 
825	8.0401672183745950E+006	2.4467566414216588E+001	-4.0324335857834122E+000	0.0000000000000000E+000	3.8723802537445207E+000	5.8219197019173228E+000	2.6894581799222461E+000	4.4756376940038078E-001	9.6840852899009242E+000	7.9585135247366106E+000	9.6883470114640777E-004	4.3938996259523810E-001 
830	8.0401672183883078E+006	2.4467566414216588E+001	-4.0324335857834122E+000	0.0000000000000000E+000	3.8723876409979683E+000	5.8218357727497141E+000	2.6894014408315465E+000	4.4767724758177951E-001	9.6896576594754560E+000	8.0022818462206011E+000	1.0505338041592216E-003	4.3938996250952678E-001 
835	8.0401672183995582E+006	2.4467566414216588E+001	-4.0324335857834122E+000	0.0000000000000000E+000	3.8723937699289301E+000	5.8217669830230649E+000	2.6893547881062987E+000	4.4777055303227531E-001	9.6942551183735475E+000	8.0385752019833916E+000	1.1165194703579423E-003	4.3938996243892237E-001 
840	8.0401672184084579E+006	2.4467566414216588E+001	-4.0324335857834122E+000	0.0000000000000000E+000	3.8723994849427834E+000	5.8217033187836833E+000	2.6893115259589009E+000	4.4785707732707059E-001	9.6984202782156981E+000	8.0690821541497630E+000	1.1887921454478564E-003	4.3938996238263445E-001 
845	8.0401672184151821E+006	2.4467566414216588E+001	-4.0324335857834122E+000	0.0000000000000000E+000	3.8724036133712589E+000	5.8216561338108086E+000	2.6892796766155138E+000	4.4792077601384545E-001	9.7017522046155555E+000	8.0930597462260820E+000	1.1857368071522458E-003	4.3938996234016647E-001 
850	8.0401672184212608E+006	2.4467566414216588E+001	-4.0324335857834122E+000	0.0000000000000000E+000	3.8724071750500499E+000	5.8216162556769584E+000	2.6892526141910054E+000	4.4797490086286168E-001	9.7045466526291850E+000	8.1143991592681104E+000	1.2260755671544257E-003	4.3938996230153754E-001 
855	8.0401672184252823E+006	2.4467566414216588E+001	-4.0324335857834122E+000	0.0000000000000000E+000	3.8724097665285226E+000	5.8215882804424410E+000	2.6892334436168013E+000	4.4801324201127052E-001	9.7066766466979306E+000	8.1293864175183383E+000	1.2620588757872439E-003	4.3938996227589128E-001 
860	8.0401672184285475E+006	2.4467566414216588E+001	-4.0324335857834122E+000	0.0000000000000000E+000	3.8724121095715613E+000	5.8215603032864713E+000	2.6892147689527395E+000	4.4805059133939407E-001	9.7085141769674461E+000	8.1419143106461203E+000	1.2943097088359786E-003	4.3938996225507371E-001 
865	8.0401672184306011E+006	2.4467566414216588E+001	-4.0324335857834122E+000	0.0000000000000000E+000	3.8724133822526441E+000	5.8215465082660414E+000	2.6892053260803586E+000	4.4806947708415540E-001	9.7095137929755619E+000	8.1493322564782780E+000	1.3078196621379447E-003	4.3938996224201438E-001 
870	8.0401672184327152E+006	2.4467566414216588E+001	-4.0324335857834122E+000	0.0000000000000000E+000	3.8724142931313508E+000	5.8215362548381862E+000	2.6891983776090180E+000	4.4808337402683712E-001	9.7107086852880666E+000	8.1574850859275543E+000	1.3276772785730830E-003	4.3938996222849397E-001 
875	8.0401672184347510E+006	2.4467566414216588E+001	-4.0324335857834122E+000	0.0000000000000000E+000	3.8724157508343175E+000	5.8215201071464735E+000	2.6891873883572277E+000	4.4810535253041744E-001	9.7125181355246486E+000	8.1673481176678511E+000	1.3730207906585963E-003	4.3938996221555221E-001 
880	8.0401672184365913E+006	2.4467566414216588E+001	-4.0324335857834122E+000	0.0000000000000000E+000	3.8724174469400188E+000	5.8215006867660861E+000	2.6891742859556311E+000	4.4813155733361038E-001	9.7133586103410394E+000	8.1738721774767509E+000	1.3806234775907817E-003	4.3938996220375581E-001 
885	8.0401672184384484E+006	2.4467566414216588E+001	-4.0324335857834122E+000	0.0000000000000000E+000	3.8724183053907653E+000	5.8214908232526694E+000	2.6891676372974307E+000	4.4814485465001180E-001	9.7139656791770896E+000	8.1797300770918486E+000	1.3776006514188250E-003	4.3938996219188153E-001 
890	8.0401672184400782E+006	2.4467566414216588E+001	-4.0324335857834122E+000	0.0000000000000000E+000	3.8724182101757112E+000	5.8214942905721099E+000	2.6891695613872590E+000	4.4814100647035487E-001	9.7146516858357828E+000	8.1853394474773591E+000	1.3806994004931399E-003	4.3938996218144105E-001 
895	8.0401672184419027E+006	2.4467566414216588E+001	-4.0324335857834122E+000	0.0000000000000000E+000	3.8724182315888198E+000	5.8214937755188307E+000	2.6891692610344027E+000	4.4814160717606777E-001	9.7153262868152463E+000	8.1913394630985081E+000	1.3796216780145841E-003	4.3938996216977388E-001 
900	8.0401672184439348E+006	2.4467566414216588E+001	-4.0324335857834122E+000	0.0000000000000000E+000	3.8724192592002069E+000	5.8214844006245112E+000	2.6891625183644678E+000	4.4815509251593705E-001	9.7169496293151685E+000	8.2006751479856490E+000	1.4136130529223971E-003	4.3938996215674120E-001 
905	8.0401672184460172E+006	2.4467566414216588E+001	-4.0324335857834122E+000	0.0000000000000000E+000	3.8724208722788851E+000	5.8214641497008275E+000	2.6891491667452700E+000	4.4818179575433253E-001	9.7174243535671447E+000	8.2066618883804292E+000	1.3971376050061176E-003	4.3938996214347870E-001 
910	8.0401672184484787E+006	2.4467566414216588E+001	-4.0324335857834122E+000	0.0000000000000000E+000	3.8724214762768243E+000	5.8214592917013803E+000	2.6891455297496685E+000	4.4818906974553563E-001	9.7177492336017295E+000	8.2130278637379792E+000	1.3670070209622514E-003	4.3938996212776704E-001 
915	8.0401672184520261E+006	2.4467566414216588E+001	-4.0324335857834122E+000	0.0000000000000000E+000	3.8724203988306138E+000	5.8214736745906643E+000	2.6891548760867319E+000	4.4817037707140867E-001	9.7182272535148559E+000	8.2222406020673979E+000	1.3230578343888953E-003	4.3938996210517339E-001 
920	8.0401672184548946E+006	2.4467566414216588E+001	-4.0324335857834122E+000	0.0000000000000000E+000	3.8724216119931576E+000	5.8214624517246447E+000	2.6891468383286341E+000	4.4818645258760437E-001	9.7188931559919034E+000	8.2305316275032290E+000	1.2968875199603268E-003	4.3938996208681969E-001 
925	8.0401672184571242E+006	2.4467566414216588E+001	-4.0324335857834122E+000	0.0000000000000000E+000	3.8724223013723282E+000	5.8214531884746581E+000	2.6891408279453000E+000	4.4819847335427276E-001	9.7192627143398767E+000	8.2365328171714705E+000	1.2695830713470163E-003	4.3938996207252107E-001 
930	8.0401672184589915E+006	2.4467566414216588E+001	-4.0324335857834122E+000	0.0000000000000000E+000	3.8724222533941677E+000	5.8214559750153203E+000	2.6891423171719522E+000	4.4819549490096861E-001	9.7196312455111027E+000	8.2417341620808831E+000	1.2480687731222680E-003	4.3938996206066144E-001 
935	8.0401672184604974E+006	2.4467566414216588E+001	-4.0324335857834122E+000	0.0000000000000000E+000	3.8724220538924699E+000	5.8214583643329627E+000	2.6891439108341686E+000	4.4819230757653516E-001	9.7201795935298314E+000	8.2466848651519076E+000	1.2391719533839608E-003	4.3938996205106834E-001 
940	8.0401672184618134E+006	2.4467566414216588E+001	-4.0324335857834122E+000	0.0000000000000000E+000	3.8724220868643018E+000	5.8214596286731730E+000	2.6891444770606094E+000	4.4819117512365414E-001	9.7206622290213822E+000	8.2510279301988643E+000	1.2305133404258693E-003	4.3938996204267389E-001 
945	8.0401672184628351E+006	2.4467566414216588E+001	-4.0324335857834122E+000	0.0000000000000000E+000	3.8724225784096906E+000	5.8214546102180114E+000	2.6891409847422505E+000	4.4819815976037164E-001	9.7209972591224094E+000	8.2542831862162789E+000	1.2216433101973445E-003	4.3938996203615432E-001 
950	8.0401672184637124E+006	2.4467566414216588E+001	-4.0324335857834122E+000	0.0000000000000000E+000	3.8724232505659888E+000	5.8214462474925002E+000	2.6891354590668985E+000	4.4820921111107520E-001	9.7214260910612822E+000	8.2575062335112701E+000	1.2185338421591048E-003	4.3938996203056763E-001 
955	8.0401672184644593E+006	2.4467566414216588E+001	-4.0324335857834122E+000	0.0000000000000000E+000	3.8724237837836930E+000	5.8214405616075888E+000	2.6891315496890349E+000	4.4821702986680262E-001	9.7215767717303230E+000	8.2596070263948587E+000	1.2078932039451006E-003	4.3938996202578057E-001 
960	8.0401672184651913E+006	2.4467566414216588E+001	-4.0324335857834122E+000	0.0000000000000000E+000	3.8724239827742433E+000	5.8214376189865753E+000	2.6891296803974267E+000	4.4822076845001962E-001	9.7216082896391942E+000	8.2613176536604609E+000	1.1932050627673075E-003	4.3938996202109620E-001 
965	8.0401672184652593E+006	2.4467566414216588E+001	-4.0324335857834122E+000	0.0000000000000000E+000	3.8724239415464314E+000	5.8214372790632041E+000	2.6891295928913652E+000	4.4822094346214247E-001	9.7213331092816908E+000	8.2606368009615796E+000	1.1824571922243279E-003	4.3938996202067276E-001 
970	8.0401672184653189E+006	2.4467566414216588E+001	-4.0324335857834122E+000	0.0000000000000000E+000	3.8724240824473579E+000	5.8214371379922421E+000	2.6891292405540312E+000	4.4822164813681048E-001	9.7212525078286074E+000	8.2605217077978672E+000	1.1781779037572668E-003	4.3938996202030006E-001 
975	8.0401672184654139E+006	2.4467566414216588E+001	-4.0324335857834122E+000	0.0000000000000000E+000	3.8724240075330534E+000	5.8214362177998966E+000	2.6891289302864672E+000	4.4822226867193821E-001	9.7212173522517471E+000	8.2606229964476690E+000	1.1750068651041124E-003	4.3938996201970054E-001 
980	8.0401672184655648E+006	2.4467566414216588E+001	-4.0324335857834122E+000	0.0000000000000000E+000	3.8724240736134132E+000	5.8214358787798597E+000	2.6891286286157299E+000	4.4822287201341271E-001	9.7211139215769791E+000	8.2606449476721426E+000	1.1682487524424319E-003	4.3938996201873509E-001 
985	8.0401672184658088E+006	2.4467566414216588E+001	-4.0324335857834122E+000	0.0000000000000000E+000	3.8724242680896714E+000	5.8214351473080264E+000	2.6891278739272964E+000	4.4822438139027976E-001	9.7209248046078418E+000	8.2606126081980875E+000	1.1567362469273072E-003	4.3938996201717939E-001 
990	8.0401672184662009E+006	2.4467566414216588E+001	-4.0324335857834122E+000	0.0000000000000000E+000	3.8724242029133893E+000	5.8214342369033751E+000	2.6891275490775355E+000	4.4822503108980216E-001	9.7206689581258860E+000	8.2607062588656177E+000	1.1400443688003275E-003	4.3938996201466801E-001 
995	8.0401672184668332E+006	2.4467566414216588E+001	-4.0324335857834122E+000	0.0000000000000000E+000	3.8724239781373511E+000	5.8214375432327943E+000	2.6891296517943215E+000	4.4822082565623012E-001	9.7204987978476414E+000	8.2615818351764183E+000	1.1215766435704448E-003	4.3938996201062164E-001 
		        1000	8.0401672184673017E+006	2.4467566414216588E+001	-4.0324335857834122E+000	0.0000000000000000E+000	3.8724234042722454E+000	5.8214457719227717E+000	2.6891349138695211E+000	4.4821030150583058E-001	9.7204284810769366E+000	8.2623951010000685E+000	1.1098359967924444E-003	4.3938996200762437E-001 
		        1005	8.0401672184675885E+006	2.4467566414216588E+001	-4.0324335857834122E+000	0.0000000000000000E+000	3.8724227538298575E+000	5.8214543257683298E+000	2.6891404916770760E+000	4.4819914589072057E-001	9.7203197193756505E+000	8.2626949281695303E+000	1.1005673211664695E-003	4.3938996200580027E-001 
		        1010	8.0401672184678428E+006	2.4467566414216588E+001	-4.0324335857834122E+000	0.0000000000000000E+000	3.8724219390163723E+000	5.8214649916911858E+000	2.6891474542654752E+000	4.4818522071392242E-001	9.7202062298346519E+000	8.2629107709281495E+000	1.0918343514007653E-003	4.3938996200417441E-001 
		        1015	8.0401672184680728E+006	2.4467566414216588E+001	-4.0324335857834122E+000	0.0000000000000000E+000	3.8724209882615837E+000	5.8214758391995378E+000	2.6891547795292290E+000	4.4817057018641437E-001	9.7200946234108052E+000	8.2630788214795245E+000	1.0837229957614625E-003	4.3938996200271085E-001 
		        1020	8.0401672184683429E+006	2.4467566414216588E+001	-4.0324335857834122E+000	0.0000000000000000E+000	3.8724198968489882E+000	5.8214904442233228E+000	2.6891642648663114E+000	4.4815159951225009E-001	9.7199034766300603E+000	8.2630942188529914E+000	1.0723896098967615E-003	4.3938996200098585E-001 
		        1025	8.0401672184687247E+006	2.4467566414216588E+001	-4.0324335857834122E+000	0.0000000000000000E+000	3.8724182887970433E+000	5.8215089015768413E+000	2.6891767096469614E+000	4.4812670995094994E-001	9.7196409543316733E+000	8.2631402122999820E+000	1.0567803437124450E-003	4.3938996199855479E-001 
		        1030	8.0401672184692090E+006	2.4467566414216588E+001	-4.0324335857834122E+000	0.0000000000000000E+000	3.8724169963635622E+000	5.8215259906987731E+000	2.6891878390748887E+000	4.4810445109509528E-001	9.7193514424805496E+000	8.2633253327638450E+000	1.0386612637158016E-003	4.3938996199548042E-001 
		        1035	8.0401672184696235E+006	2.4467566414216588E+001	-4.0324335857834122E+000	0.0000000000000000E+000	3.8724163041104318E+000	5.8215335949586384E+000	2.6891930257110812E+000	4.4809407782271077E-001	9.7192225313699705E+000	8.2638387621327016E+000	1.0269456110006086E-003	4.3938996199284197E-001 
		        1040	8.0401672184700575E+006	2.4467566414216588E+001	-4.0324335857834122E+000	0.0000000000000000E+000	3.8724158206774777E+000	5.8215394366061712E+000	2.6891969134007558E+000	4.4808630244336151E-001	9.7190157113778586E+000	8.2641619760414056E+000	1.0126666739930569E-003	4.3938996199008806E-001 
		        1045	8.0401672184703778E+006	2.4467566414216588E+001	-4.0324335857834122E+000	0.0000000000000000E+000	3.8724154885974778E+000	5.8215446542272193E+000	2.6892001863712802E+000	4.4807975650231230E-001	9.7189468457685244E+000	8.2646474257327629E+000	1.0047129742445375E-003	4.3938996198806118E-001 
		        1050	8.0401672184708314E+006	2.4467566414216588E+001	-4.0324335857834122E+000	0.0000000000000000E+000	3.8724147106080107E+000	5.8215550542451444E+000	2.6892069423591773E+000	4.4806624452651811E-001	9.7186853043007719E+000	8.2648456629798677E+000	9.8875551392145836E-004	4.3938996198518776E-001 
		        1055	8.0401672184711955E+006	2.4467566414216588E+001	-4.0324335857834122E+000	0.0000000000000000E+000	3.8724140685905164E+000	5.8215633681238304E+000	2.6892123833335080E+000	4.4805536257785672E-001	9.7186008003965796E+000	8.2653766085761973E+000	9.7970938985592494E-004	4.3938996198288044E-001 
		        1060	8.0401672184714740E+006	2.4467566414216588E+001	-4.0324335857834122E+000	0.0000000000000000E+000	3.8724134945111812E+000	5.8215683748611164E+000	2.6892160348608223E+000	4.4804805952322774E-001	9.7184735198062615E+000	8.2655955330809370E+000	9.7106596761432429E-004	4.3938996198111879E-001 
		        1065	8.0401672184715876E+006	2.4467566414216588E+001	-4.0324335857834122E+000	0.0000000000000000E+000	3.8724134730175392E+000	5.8215709715016848E+000	2.6892173761683913E+000	4.4804537690809032E-001	9.7184082169276582E+000	8.2656467663045596E+000	9.6717984420060783E-004	4.3938996198039537E-001 
		        1070	8.0401672184717115E+006	2.4467566414216588E+001	-4.0324335857834122E+000	0.0000000000000000E+000	3.8724132958880895E+000	5.8215728665665702E+000	2.6892186779597318E+000	4.4804277332540871E-001	9.7183603960619180E+000	8.2657693929792249E+000	9.6358308766990818E-004	4.3938996197961361E-001 
		        1075	8.0401672184718754E+006	2.4467566414216588E+001	-4.0324335857834122E+000	0.0000000000000000E+000	3.8724131118766731E+000	5.8215742382956837E+000	2.6892197318471216E+000	4.4804066555062949E-001	9.7182475044798924E+000	8.2657879971599115E+000	9.5748656267946532E-004	4.3938996197857066E-001 
		        1080	8.0401672184721418E+006	2.4467566414216588E+001	-4.0324335857834122E+000	0.0000000000000000E+000	3.8724130435478594E+000	5.8215748894761186E+000	2.6892201940949669E+000	4.4803974105493888E-001	9.7181259851607180E+000	8.2659966707808845E+000	9.4935447529688607E-004	4.3938996197688401E-001 
		        1085	8.0401672184725227E+006	2.4467566414216588E+001	-4.0324335857834122E+000	0.0000000000000000E+000	3.8724131406321813E+000	5.8215738992196933E+000	2.6892195047981113E+000	4.4804111964865023E-001	9.7179442402800831E+000	8.2662704405829146E+000	9.3765774108555127E-004	4.3938996197447316E-001 
		        1090	8.0401672184730098E+006	2.4467566414216588E+001	-4.0324335857834122E+000	0.0000000000000000E+000	3.8724135097549053E+000	5.8215686289809137E+000	2.6892161314332719E+000	4.4804786637832938E-001	9.7176851813169378E+000	8.2665403771929284E+000	9.2216949188724028E-004	4.3938996197140540E-001 
		        1095	8.0401672184736207E+006	2.4467566414216588E+001	-4.0324335857834122E+000	0.0000000000000000E+000	3.8724141573078703E+000	5.8215605299240121E+000	2.6892107867988915E+000	4.4805855564708957E-001	9.7173474967107349E+000	8.2668368486123391E+000	9.0276574282343962E-004	4.3938996196755470E-001 
		        1100	8.0401672184743332E+006	2.4467566414216588E+001	-4.0324335857834122E+000	0.0000000000000000E+000	3.8724148163716245E+000	5.8215545197026248E+000	2.6892064635606894E+000	4.4806720212349427E-001	9.7170561528336261E+000	8.2674830314694780E+000	8.8326265676837178E-004	4.3938996196306179E-001 
		        1105	8.0401672184749031E+006	2.4467566414216588E+001	-4.0324335857834122E+000	0.0000000000000000E+000	3.8724145731379198E+000	5.8215570609201155E+000	2.6892082206368446E+000	4.4806368797118329E-001	9.7171125249452750E+000	8.2688558206709111E+000	8.7527693472087007E-004	4.3938996195945640E-001 
		        1110	8.0401672184756165E+006	2.4467566414216588E+001	-4.0324335857834122E+000	0.0000000000000000E+000	3.8724135735846530E+000	5.8215687246979382E+000	2.6892160516322900E+000	4.4804802598029259E-001	9.7168768759672499E+000	8.2696641029702906E+000	8.5752221053132295E-004	4.3938996195495539E-001 
		        1115	8.0401672184764529E+006	2.4467566414216588E+001	-4.0324335857834122E+000	0.0000000000000000E+000	3.8724124456183295E+000	5.8215833799083443E+000	2.6892256351701400E+000	4.4802885890459265E-001	9.7166826534256181E+000	8.2708481883053704E+000	8.3905241540452780E-004	4.3938996194968694E-001 
		        1120	8.0401672184778005E+006	2.4467566414216588E+001	-4.0324335857834122E+000	0.0000000000000000E+000	3.8724103763531259E+000	5.8216078503997926E+000	2.6892420089462714E+000	4.4799611135232986E-001	9.7165818552729881E+000	8.2733746887702733E+000	8.1483120196752400E-004	4.3938996194121149E-001 
		        1125	8.0401672184794750E+006	2.4467566414216588E+001	-4.0324335857834122E+000	0.0000000000000000E+000	3.8724079051341684E+000	5.8216378784423464E+000	2.6892619654054628E+000	4.4795619843394680E-001	9.7164823559689619E+000	8.2765782476531182E+000	7.8539915381237526E-004	4.3938996193062579E-001 
		        1130	8.0401672184820175E+006	2.4467566414216588E+001	-4.0324335857834122E+000	0.0000000000000000E+000	3.8724091614351921E+000	5.8216238864381031E+000	2.6892524568012930E+000	4.4797521564228698E-001	9.7167192561581182E+000	8.2825630541457418E+000	7.4892316135724709E-004	4.3938996191461915E-001 
		        1135	8.0401672184854355E+006	2.4467566414216588E+001	-4.0324335857834122E+000	0.0000000000000000E+000	3.8724109681478258E+000	5.8216018254287194E+000	2.6892378128713337E+000	4.4800450350220500E-001	9.7175375495840939E+000	8.2920637232933121E+000	7.0645346400854915E-004	4.3938996189311891E-001 
		        1140	8.0401672184884576E+006	2.4467566414216588E+001	-4.0324335857834122E+000	0.0000000000000000E+000	3.8724104296100905E+000	5.8216068237668646E+000	2.6892413891158773E+000	4.4799735101311816E-001	9.7186542520866652E+000	8.3016176657424783E+000	6.6956020757994654E-004	4.3938996187402901E-001 
		        1145	8.0401672184927687E+006	2.4467566414216588E+001	-4.0324335857834122E+000	0.0000000000000000E+000	3.8724132909755409E+000	5.8215715998353090E+000	2.6892180544191997E+000	4.4804402040647329E-001	9.7211655598099931E+000	8.3180064695504115E+000	6.1502548650521334E-004	4.3938996184698392E-001 
		        1150	8.0401672184992600E+006	2.4467566414216588E+001	-4.0324335857834122E+000	0.0000000000000000E+000	3.8724181797570925E+000	5.8215137383178774E+000	2.6891793460973794E+000	4.4812143705011431E-001	9.7262752973890088E+000	8.3470704610949369E+000	5.2240945239905229E-004	4.3938996180611245E-001 
		        1155	8.0401672185045984E+006	2.4467566414216588E+001	-4.0324335857834122E+000	0.0000000000000000E+000	3.8724238103589834E+000	5.8214459019662588E+000	2.6891341667177882E+000	4.4821179580929643E-001	9.7328832424357596E+000	8.3790712275138208E+000	5.2044222567518479E-004	4.3938996177232797E-001 
		        1160	8.0401672185109500E+006	2.4467566414216588E+001	-4.0324335857834122E+000	0.0000000000000000E+000	3.8724329489373539E+000	5.8213374895341898E+000	2.6890616833450145E+000	4.4835676255484397E-001	9.7453877084480762E+000	8.4326884846924628E+000	6.5897371536025875E-004	4.3938996173180822E-001 
		        1165	8.0401672185152359E+006	2.4467566414216588E+001	-4.0324335857834122E+000	0.0000000000000000E+000	3.8724388132332783E+000	5.8212676069726523E+000	2.6890150134723965E+000	4.4845010230008009E-001	9.7536997045788905E+000	8.4700536298380662E+000	7.8563722253986669E-004	4.3938996170415306E-001 
		        1170	8.0401672185197920E+006	2.4467566414216588E+001	-4.0324335857834122E+000	0.0000000000000000E+000	3.8724461408426198E+000	5.8211808788766355E+000	2.6889569942057037E+000	4.4856614083346513E-001	9.7692401253653181E+000	8.5319231480511135E+000	1.1735604742394803E-003	4.3938996167459093E-001 
		        1175	8.0401672185228737E+006	2.4467566414216588E+001	-4.0324335857834122E+000	0.0000000000000000E+000	3.8724569066469421E+000	5.8210518447195065E+000	2.6888709455184956E+000	4.4873823820788128E-001	9.7750161802320292E+000	8.5611289275584195E+000	1.2918309014582562E-003	4.3938996165446964E-001 
		        1180	8.0401672185260598E+006	2.4467566414216588E+001	-4.0324335857834122E+000	0.0000000000000000E+000	3.8724595446809746E+000	5.8210232876043806E+000	2.6888513908928671E+000	4.4877734745913883E-001	9.7832576464232037E+000	8.5996559782880109E+000	1.5355002027138060E-003	4.3938996163345906E-001 
		        1185	8.0401672185289999E+006	2.4467566414216588E+001	-4.0324335857834122E+000	0.0000000000000000E+000	3.8724651015228324E+000	5.8209585713192356E+000	2.6888079190665795E+000	4.4886429111171378E-001	9.7920739853398917E+000	8.6407319895140340E+000	1.8375670011397485E-003	4.3938996161415173E-001 
		        1190	8.0401672185307788E+006	2.4467566414216588E+001	-4.0324335857834122E+000	0.0000000000000000E+000	3.8724698275490494E+000	5.8209036649615387E+000	2.6887710138352978E+000	4.4893810157427744E-001	9.7980752452909829E+000	8.6688914258270948E+000	2.0738936969989029E-003	4.3938996160233190E-001 
		        1195	8.0401672185324011E+006	2.4467566414216588E+001	-4.0324335857834122E+000	0.0000000000000000E+000	3.8724735873226823E+000	5.8208598770306432E+000	2.6887416003225835E+000	4.4899692859970597E-001	9.8075705485631879E+000	8.7093274313479832E+000	2.5841692069781953E-003	4.3938996159148103E-001 
		        1200	8.0401672185335541E+006	2.4467566414216588E+001	-4.0324335857834122E+000	0.0000000000000000E+000	3.8724770596121023E+000	5.8208186172821108E+000	2.6887140258694768E+000	4.4905207750591913E-001	9.8183397272583903E+000	8.7540720350384387E+000	3.3140793864600165E-003	4.3938996158377358E-001 
		        1205	8.0401672185340915E+006	2.4467566414216588E+001	-4.0324335857834122E+000	0.0000000000000000E+000	3.8724790702808742E+000	5.8207932321248199E+000	2.6886973119532880E+000	4.4908550533829650E-001	9.8245176465507047E+000	8.7803072276785272E+000	3.7987163013329423E-003	4.3938996158017085E-001 
		        1210	8.0401672185343811E+006	2.4467566414216588E+001	-4.0324335857834122E+000	0.0000000000000000E+000	3.8724805480706816E+000	5.8207761135064207E+000	2.6886857970644740E+000	4.4910853511592519E-001	9.8260580221241280E+000	8.7883291941027490E+000	3.8734830900849075E-003	4.3938996157821547E-001 
		        1215	8.0401672185348431E+006	2.4467566414216588E+001	-4.0324335857834122E+000	0.0000000000000000E+000	3.8724830174610338E+000	5.8207456921469918E+000	2.6886656476040547E+000	4.4914883403676320E-001	9.8293015697943353E+000	8.8041224516807084E+000	4.0851034574976280E-003	4.3938996157510890E-001 
		        1220	8.0401672185354978E+006	2.4467566414216588E+001	-4.0324335857834122E+000	0.0000000000000000E+000	3.8724869097336869E+000	5.8207000638044182E+000	2.6886350488874622E+000	4.4921003146994870E-001	9.8350871577809045E+000	8.8316902438692342E+000	4.5251300155449235E-003	4.3938996157090188E-001 
		        1225	8.0401672185358759E+006	2.4467566414216588E+001	-4.0324335857834122E+000	0.0000000000000000E+000	3.8724894312299600E+000	5.8206703496690784E+000	2.6886151488272447E+000	4.4924983159038340E-001	9.8375863493372293E+000	8.8451427991298566E+000	4.6713599961226574E-003	4.3938996156834131E-001 
		        1230	8.0401672185364552E+006	2.4467566414216588E+001	-4.0324335857834122E+000	0.0000000000000000E+000	3.8724935663279569E+000	5.8206192528691210E+000	2.6885813302312731E+000	4.4931746878232631E-001	9.8409669625081282E+000	8.8645463429871540E+000	4.8368568171394217E-003	4.3938996156441273E-001 
		        1235	8.0401672185370708E+006	2.4467566414216588E+001	-4.0324335857834122E+000	0.0000000000000000E+000	3.8724977015267417E+000	5.8205703679889735E+000	2.6885486173936299E+000	4.4938289445761331E-001	9.8452243540349986E+000	8.8890202339396627E+000	5.1967906945531170E-003	4.3938996156022198E-001 
		        1240	8.0401672185372198E+006	2.4467566414216588E+001	-4.0324335857834122E+000	0.0000000000000000E+000	3.8724983778997308E+000	5.8205621256457585E+000	2.6885431434760445E+000	4.4939384229278395E-001	9.8481710914635148E+000	8.9018142478539009E+000	5.5069863345465252E-003	4.3938996155939120E-001 
		        1245	8.0401672185372496E+006	2.4467566414216588E+001	-4.0324335857834122E+000	0.0000000000000000E+000	3.8724984200596664E+000	5.8205599466470916E+000	2.6885419696568400E+000	4.4939618993119262E-001	9.8489925806113252E+000	8.9053351841610819E+000	5.6117750532068134E-003	4.3938996155921700E-001 
		        1250	8.0401672185372906E+006	2.4467566414216588E+001	-4.0324335857834122E+000	0.0000000000000000E+000	3.8724986725665138E+000	5.8205577068426209E+000	2.6885403447409089E+000	4.4939943976305463E-001	9.8499350741784344E+000	8.9096267358467784E+000	5.7264884228204783E-003	4.3938996155893134E-001 
		        1255	8.0401672185373344E+006	2.4467566414216588E+001	-4.0324335857834122E+000	0.0000000000000000E+000	3.8724988453947882E+000	5.8205551525042853E+000	2.6885387219151924E+000	4.4940268541448758E-001	9.8501266971283563E+000	8.9110572032832938E+000	5.7241530375944606E-003	4.3938996155863619E-001 
		        1260	8.0401672185373679E+006	2.4467566414216588E+001	-4.0324335857834122E+000	0.0000000000000000E+000	3.8724990452091781E+000	5.8205524751986824E+000	2.6885369836336110E+000	4.4940616197765032E-001	9.8502514954707898E+000	8.9120740653431003E+000	5.7187042926422661E-003	4.3938996155840720E-001 
		        1265	8.0401672185373968E+006	2.4467566414216588E+001	-4.0324335857834122E+000	0.0000000000000000E+000	3.8724992238910576E+000	5.8205509648387732E+000	2.6885358710898970E+000	4.4940838706507846E-001	9.8504427426891450E+000	8.9132565830068842E+000	5.7275987794228244E-003	4.3938996155821586E-001 
		        1270	8.0401672185374377E+006	2.4467566414216588E+001	-4.0324335857834122E+000	0.0000000000000000E+000	3.8724993993719941E+000	5.8205483802234754E+000	2.6885342278203765E+000	4.4941167360411943E-001	9.8507091451344699E+000	8.9149426600172816E+000	5.7385182238545718E-003	4.3938996155793442E-001 
		        1275	8.0401672185374852E+006	2.4467566414216588E+001	-4.0324335857834122E+000	0.0000000000000000E+000	3.8724996307116952E+000	5.8205457746111060E+000	2.6885324623347890E+000	4.4941520457529510E-001	9.8509747167365980E+000	8.9167391769204851E+000	5.7443785252443346E-003	4.3938996155760596E-001 
		        1280	8.0401672185375364E+006	2.4467566414216588E+001	-4.0324335857834122E+000	0.0000000000000000E+000	3.8724998677091946E+000	5.8205429970546305E+000	2.6885305995615525E+000	4.4941893012176759E-001	9.8512498773176045E+000	8.9186311995662635E+000	5.7493029867781353E-003	4.3938996155725524E-001 
		        1285	8.0401672185375821E+006	2.4467566414216588E+001	-4.0324335857834122E+000	0.0000000000000000E+000	3.8725000622478696E+000	5.8205401838537796E+000	2.6885288038837776E+000	4.4942252147731782E-001	9.8514611730478698E+000	8.9201903563203029E+000	5.7485583419809383E-003	4.3938996155694032E-001 
		        1290	8.0401672185376557E+006	2.4467566414216588E+001	-4.0324335857834122E+000	0.0000000000000000E+000	3.8725004321112775E+000	5.8205365951180577E+000	2.6885262697891013E+000	4.4942758966667018E-001	9.8518249178442439E+000	8.9227965607533353E+000	5.7512020393785277E-003	4.3938996155643489E-001 
		        1295	8.0401672185377749E+006	2.4467566414216588E+001	-4.0324335857834122E+000	0.0000000000000000E+000	3.8725009279670859E+000	5.8205311350788254E+000	2.6885225480578678E+000	4.4943503312913724E-001	9.8525935831306910E+000	8.9277193989915560E+000	5.7838904392571982E-003	4.3938996155562127E-001 
		        1300	8.0401672185379658E+006	2.4467566414216588E+001	-4.0324335857834122E+000	0.0000000000000000E+000	3.8725015895245534E+000	5.8205240146230635E+000	2.6885176647150519E+000	4.4944479981476904E-001	9.8560367006233953E+000	8.9444811319114628E+000	6.1765507630297013E-003	4.3938996155430349E-001 
		        1305	8.0401672185381074E+006	2.4467566414216588E+001	-4.0324335857834122E+000	0.0000000000000000E+000	3.8725019545602852E+000	5.8205199530173584E+000	2.6885149038407352E+000	4.4945032156340248E-001	9.8590120749094456E+000	8.9589361609239475E+000	6.5360483718716403E-003	4.3938996155334581E-001 
		        1310	8.0401672185381679E+006	2.4467566414216588E+001	-4.0324335857834122E+000	0.0000000000000000E+000	3.8725020616113826E+000	5.8205186149568524E+000	2.6885140207082867E+000	4.4945208782829954E-001	9.8597164164152105E+000	8.9628927747386822E+000	6.5976488029876315E-003	4.3938996155296484E-001 
		        1315	8.0401672185382070E+006	2.4467566414216588E+001	-4.0324335857834122E+000	0.0000000000000000E+000	3.8725020911635628E+000	5.8205175783330141E+000	2.6885134432920079E+000	4.4945324266085734E-001	9.8601369031194128E+000	8.9654102021993207E+000	6.6272418595645826E-003	4.3938996155269244E-001 
		        1320	8.0401672185382592E+006	2.4467566414216588E+001	-4.0324335857834122E+000	0.0000000000000000E+000	3.8725022090743701E+000	5.8205164794965567E+000	2.6885126580521650E+000	4.4945481314054297E-001	9.8604384153316023E+000	8.9677346133571021E+000	6.6230959419007916E-003	4.3938996155233473E-001 
		        1325	8.0401672185383169E+006	2.4467566414216588E+001	-4.0324335857834122E+000	0.0000000000000000E+000	3.8725022232953186E+000	5.8205156914905976E+000	2.6885122356072877E+000	4.4945565803029769E-001	9.8607667841859481E+000	8.9702801791849360E+000	6.6183858325164820E-003	4.3938996155194321E-001 
		        1330	8.0401672185383979E+006	2.4467566414216588E+001	-4.0324335857834122E+000	0.0000000000000000E+000	3.8725023188012084E+000	5.8205139195303879E+000	2.6885111586154031E+000	4.4945781201406615E-001	9.8611499203832320E+000	8.9735816917089135E+000	6.5979536910995224E-003	4.3938996155138443E-001 
		        1335	8.0401672185385209E+006	2.4467566414216588E+001	-4.0324335857834122E+000	0.0000000000000000E+000	3.8725024554552130E+000	5.8205127295636805E+000	2.6885102903240408E+000	4.4945954859679099E-001	9.8627864796437024E+000	8.9827809877560316E+000	6.7481117045190614E-003	4.3938996155054255E-001 
		        1340	8.0401672185386261E+006	2.4467566414216588E+001	-4.0324335857834122E+000	0.0000000000000000E+000	3.8725026573886039E+000	5.8205126252598003E+000	2.6885098343053189E+000	4.4946046063423489E-001	9.8636283916978371E+000	8.9885821251591960E+000	6.7764936510296987E-003	4.3938996154981946E-001 
		        1345	8.0401672185386829E+006	2.4467566414216588E+001	-4.0324335857834122E+000	0.0000000000000000E+000	3.8725026341119166E+000	5.8205119842680793E+000	2.6885095603628337E+000	4.4946100851920556E-001	9.8643085039479992E+000	8.9926496610056343E+000	6.8298434206287423E-003	4.3938996154942378E-001 
		        1350	8.0401672185387714E+006	2.4467566414216588E+001	-4.0324335857834122E+000	0.0000000000000000E+000	3.8725027316568492E+000	5.8205115954431825E+000	2.6885091708605198E+000	4.4946178752383342E-001	9.8648746160470093E+000	8.9970306403992275E+000	6.8281556540354255E-003	4.3938996154882154E-001 
		        1355	8.0401672185388813E+006	2.4467566414216588E+001	-4.0324335857834122E+000	0.0000000000000000E+000	3.8725026643927594E+000	5.8205108846756213E+000	2.6885089500049184E+000	4.4946222923503543E-001	9.8659734769722771E+000	9.0040964846265492E+000	6.8943923875963422E-003	4.3938996154807425E-001 
		        1360	8.0401672185389781E+006	2.4467566414216588E+001	-4.0324335857834122E+000	0.0000000000000000E+000	3.8725027137833568E+000	5.8205106716821273E+000	2.6885087447269771E+000	4.4946263979091849E-001	9.8665791774600038E+000	9.0089586249401350E+000	6.8872666699039877E-003	4.3938996154740650E-001 
		        1365	8.0401672185390648E+006	2.4467566414216588E+001	-4.0324335857834122E+000	0.0000000000000000E+000	3.8725028043637271E+000	5.8205104572878792E+000	2.6885084563691124E+000	4.4946321650664822E-001	9.8671287677995849E+000	9.0133226636759680E+000	6.8843325324263556E-003	4.3938996154681653E-001 
		        1370	8.0401672185392017E+006	2.4467566414216588E+001	-4.0324335857834122E+000	0.0000000000000000E+000	3.8725029285069028E+000	5.8205105032292179E+000	2.6885082310534303E+000	4.4946366713801206E-001	9.8684324944272639E+000	9.0220881909456097E+000	6.9518967234307545E-003	4.3938996154586724E-001 
		        1375	8.0401672185393656E+006	2.4467566414216588E+001	-4.0324335857834122E+000	0.0000000000000000E+000	3.8725030350812153E+000	5.8205080115750034E+000	2.6885067720776985E+000	4.4946658508947590E-001	9.8707348040170864E+000	9.0359072612010021E+000	7.1549735389904879E-003	4.3938996154474624E-001 
		        1380	8.0401672185394699E+006	2.4467566414216588E+001	-4.0324335857834122E+000	0.0000000000000000E+000	3.8725032614244426E+000	5.8205052702287023E+000	2.6885049487180916E+000	4.4947023180868917E-001	9.8739822381236220E+000	9.0522267718575282E+000	7.6003097087900037E-003	4.3938996154403848E-001 
		        1385	8.0401672185395518E+006	2.4467566414216588E+001	-4.0324335857834122E+000	0.0000000000000000E+000	3.8725035217506791E+000	5.8205025821993992E+000	2.6885030840509674E+000	4.4947396114293803E-001	9.8777148818034863E+000	9.0705101994283996E+000	8.1714835400412793E-003	4.3938996154347099E-001 
		        1390	8.0401672185396403E+006	2.4467566414216588E+001	-4.0324335857834122E+000	0.0000000000000000E+000	3.8725039089458440E+000	5.8204972746035937E+000	2.6884996558627350E+000	4.4948081751940272E-001	9.8858759476807805E+000	9.1088895006112924E+000	9.6501709101663134E-003	4.3938996154285936E-001 
		        1395	8.0401672185396962E+006	2.4467566414216588E+001	-4.0324335857834122E+000	0.0000000000000000E+000	3.8725043555387733E+000	5.8204934862113422E+000	2.6884968684807502E+000	4.4948639228337200E-001	9.8907537186219798E+000	9.1349621536270043E+000	1.0487554719832280E-002	4.3938996154246995E-001 
		        1400	8.0401672185397502E+006	2.4467566414216588E+001	-4.0324335857834122E+000	0.0000000000000000E+000	3.8725046798012910E+000	5.8204888463442543E+000	2.6884939000221713E+000	4.4949232920053062E-001	9.8970044808890965E+000	9.1667995010514449E+000	1.1701267181675679E-002	4.3938996154209836E-001 
		        1405	8.0401672185397940E+006	2.4467566414216588E+001	-4.0324335857834122E+000	0.0000000000000000E+000	3.8725049509646832E+000	5.8204850542828330E+000	2.6884914616646758E+000	4.4949720591552084E-001	9.9038352198977186E+000	9.2032122382031698E+000	1.3364496681986618E-002	4.3938996154182736E-001 
		        1410	8.0401672185398228E+006	2.4467566414216588E+001	-4.0324335857834122E+000	0.0000000000000000E+000	3.8725052937612991E+000	5.8204820957895942E+000	2.6884892968248253E+000	4.4950153559522221E-001	9.9093867706441667E+000	9.2332596096841808E+000	1.4597172205292894E-002	4.3938996154163096E-001 
		        1415	8.0401672185398480E+006	2.4467566414216588E+001	-4.0324335857834122E+000	0.0000000000000000E+000	3.8725054563796548E+000	5.8204795095631114E+000	2.6884876784748735E+000	4.4950477229512587E-001	9.9180059099923632E+000	9.2797513963127205E+000	1.6762027206527329E-002	4.3938996154145693E-001 
		        1420	8.0401672185398526E+006	2.4467566414216588E+001	-4.0324335857834122E+000	0.0000000000000000E+000	3.8725053901841271E+000	5.8204785768288421E+000	2.6884873444987925E+000	4.4950544024728739E-001	9.9194908753514568E+000	9.2876796360950742E+000	1.7172705204910470E-002	4.3938996154143767E-001 
		        1425	8.0401672185398573E+006	2.4467566414216588E+001	-4.0324335857834122E+000	0.0000000000000000E+000	3.8725055861643649E+000	5.8204786933278081E+000	2.6884870107878003E+000	4.4950610766927246E-001	9.9218054323840210E+000	9.3002775558900463E+000	1.7806541270919761E-002	4.3938996154140714E-001 
		        1430	8.0401672185398629E+006	2.4467566414216588E+001	-4.0324335857834122E+000	0.0000000000000000E+000	3.8725055194895055E+000	5.8204777124751184E+000	2.6884866537111747E+000	4.4950682182252338E-001	9.9248266150179827E+000	9.3169168955879069E+000	1.8642149160970130E-002	4.3938996154136972E-001 
		        1435	8.0401672185398676E+006	2.4467566414216588E+001	-4.0324335857834122E+000	0.0000000000000000E+000	3.8725055449307084E+000	5.8204770531742600E+000	2.6884862731783388E+000	4.4950758288819498E-001	9.9276051536388987E+000	9.3323511389767102E+000	1.9426822050669527E-002	4.3938996154133936E-001 
		        1440	8.0401672185398722E+006	2.4467566414216588E+001	-4.0324335857834122E+000	0.0000000000000000E+000	3.8725056087470380E+000	5.8204768419312245E+000	2.6884860399241619E+000	4.4950804939654848E-001	9.9302463051576790E+000	9.3470972224052442E+000	2.0190642129407726E-002	4.3938996154131399E-001 
		        1445	8.0401672185398750E+006	2.4467566414216588E+001	-4.0324335857834122E+000	0.0000000000000000E+000	3.8725056894275895E+000	5.8204767602033582E+000	2.6884858376991256E+000	4.4950845384662169E-001	9.9324850334290371E+000	9.3597044776127465E+000	2.0846458993578402E-002	4.3938996154129467E-001 
		        1450	8.0401672185398750E+006	2.4467566414216588E+001	-4.0324335857834122E+000	0.0000000000000000E+000	3.8725057105667564E+000	5.8204766159108008E+000	2.6884857232745141E+000	4.4950868269584482E-001	9.9336618388097939E+000	9.3663502715795897E+000	2.1196470983060104E-002	4.3938996154128535E-001 
		        1455	8.0401672185398750E+006	2.4467566414216588E+001	-4.0324335857834122E+000	0.0000000000000000E+000	3.8725057341596116E+000	5.8204764996211402E+000	2.6884856179439733E+000	4.4950889335692606E-001	9.9355599812777324E+000	9.3771211170387065E+000	2.1764412141351313E-002	4.3938996154127125E-001 
		        1460	8.0401672185398806E+006	2.4467566414216588E+001	-4.0324335857834122E+000	0.0000000000000000E+000	3.8725057372545977E+000	5.8204759002709405E+000	2.6884853120789010E+000	4.4950950508707127E-001	9.9389131765331094E+000	9.3962358364244967E+000	2.2781632032585094E-002	4.3938996154124843E-001 
		        1465	8.0401672185398852E+006	2.4467566414216588E+001	-4.0324335857834122E+000	0.0000000000000000E+000	3.8725057178486932E+000	5.8204753935905238E+000	2.6884850975505019E+000	4.4950993414386847E-001	9.9436460287921822E+000	9.4237359267048557E+000	2.4226779577126586E-002	4.3938996154122051E-001 
		        1470	8.0401672185398899E+006	2.4467566414216588E+001	-4.0324335857834122E+000	0.0000000000000000E+000	3.8725056877538360E+000	5.8204750960439942E+000	2.6884850089669521E+000	4.4951011131096846E-001	9.9482919908763812E+000	9.4508060998308512E+000	2.5688056279100268E-002	4.3938996154119780E-001 
		        1475	8.0401672185398955E+006	2.4467566414216588E+001	-4.0324335857834122E+000	0.0000000000000000E+000	3.8725057812649979E+000	5.8204741011100385E+000	2.6884843244776500E+000	4.4951148028957277E-001	9.9572640099473837E+000	9.5081552503110753E+000	2.9118592961857346E-002	4.3938996154116194E-001 
		        1480	8.0401672185399001E+006	2.4467566414216588E+001	-4.0324335857834122E+000	0.0000000000000000E+000	3.8725059246834803E+000	5.8204739210356999E+000	2.6884839476035158E+000	4.4951223403784102E-001	9.9724080186975019E+000	9.6016218560597792E+000	3.4126339429603837E-002	4.3938996154112248E-001 
		        1485	8.0401672185399048E+006	2.4467566414216588E+001	-4.0324335857834122E+000	0.0000000000000000E+000	3.8725060187765883E+000	5.8204732471054843E+000	2.6884834224521916E+000	4.4951328434048909E-001	9.9916872117912447E+000	9.7262956393478870E+000	3.9898881257085371E-002	4.3938996154108800E-001 
		        1488	8.0401672185399076E+006	2.4467566414216588E+001	-4.0324335857834122E+000	0.0000000000000000E+000	3.8725059479062303E+000	5.8204730678163958E+000	2.6884834745483648E+000	4.4951318014814345E-001	1.0003455030799943E+001	9.8048906967689380E+000	4.3001666712273429E-002	4.3938996154107263E-001 
