1	1.7263349150062194E+001	3.2000000000000000E+001	0.0000000000000000E+000	0.0000000000000000E+000	4.6094148641093149E+000	5.1624443145735013E+000	8.8565126552074602E-001	4.1717368006915390E+000	2.6596411843068019E-001	7.2012392839282957E-001 
5	1.0539447289604473E+002	3.1999980889543977E+001	-1.9110456022986000E-005	-2.0639955026430099E-007	4.5933136349150461E+000	5.1266367612783252E+000	8.9994994726169664E-001	4.1431391778481350E+000	2.6596647612382640E-001	7.2012392839282946E-001 
10	2.7513332543985382E+002	3.1999945492853303E+001	-5.4507146696636255E-005	-2.0971557274844353E-007	4.5941848804679335E+000	5.1294088267829006E+000	8.9959348890820867E-001	4.1438516141612007E+000	2.6597106516074814E-001	7.2012392839282935E-001 
15	5.4849944485018386E+002	3.1999887456104329E+001	-1.1254389567127987E-004	-2.1395441258554392E-007	4.5957828938165450E+000	5.1328531551274326E+000	8.9811962638325260E-001	4.1467985515515631E+000	2.6597922200701091E-001	7.2012392839282935E-001 
20	9.8875831382171464E+002	3.1999791633521205E+001	-2.0836647879463044E-004	-2.2000581667902416E-007	4.5986915304527676E+000	5.1374650218377829E+000	8.9460828646598345E-001	4.1538199309039836E+000	2.6599505493977632E-001	7.2012392839282902E-001 
25	1.6977996248890549E+003	3.1999631927759985E+001	-3.6807224001478289E-004	-2.2837541538640661E-007	4.6028522994969538E+000	5.1424414037310617E+000	8.8877493932424978E-001	4.1654844576888408E+000	2.6602900666591517E-001	7.2012392839282813E-001 
30	2.8397177467761176E+003	3.1999365820672445E+001	-6.3417932755527318E-004	-2.3488898273193297E-007	4.6070947900859007E+000	5.1442060677270494E+000	8.8117229014435072E-001	4.1806861444658390E+000	2.6610058752193239E-001	7.2012392839282624E-001 
35	4.6787883012564525E+003	3.1998937543231143E+001	-1.0624567688566344E-003	-2.3008388589920149E-007	4.6090548130407765E+000	5.1371593950060177E+000	8.7372890787408197E-001	4.1955670963982383E+000	2.6622973654828075E-001	7.2012392839281902E-001 
40	7.6406298199525763E+003	3.1998278926308284E+001	-1.7210736917157021E-003	-2.1829986162042438E-007	4.6088410536174722E+000	5.1280473474170183E+000	8.6960040292619067E-001	4.2038151673522650E+000	2.6644549336764645E-001	7.2012392839279438E-001 
45	1.2410705204227872E+004	3.1997254027872302E+001	-2.7459721276983373E-003	-2.1385105205669224E-007	4.6086015694546134E+000	5.1257445645292936E+000	8.6892797980804681E-001	4.2051461030008985E+000	2.6679700130841988E-001	7.2012392839270245E-001 
50	2.0092959311357081E+004	3.1995614425539593E+001	-4.3855744604073266E-003	-2.1331462435926404E-007	4.6083381214908670E+000	5.1257951709834417E+000	8.6948017896261309E-001	4.2040194500167383E+000	2.6736164133056706E-001	7.2012392839233919E-001 
55	3.2465306373429750E+004	3.1992975758668067E+001	-7.0242413319334673E-003	-2.1326822883440451E-007	4.6079042025864725E+000	5.1262009090863909E+000	8.7055088582287676E-001	4.2018422187087561E+000	2.6826199097824038E-001	7.2012392839082751E-001 
60	5.2391095040368426E+004	3.1988724718873922E+001	-1.1275281126078340E-002	-2.1341741973632502E-007	4.6072481108924812E+000	5.1268941391412532E+000	8.7220968423828982E-001	4.1984669115290680E+000	2.6969176334747708E-001	7.2012392838432815E-001 
65	8.4481776946359809E+004	3.1981866997105826E+001	-1.8133002894174410E-002	-2.1391799798604772E-007	4.6063355280731297E+000	5.1280528223439550E+000	8.7461419147834474E-001	4.1935647833023495E+000	2.7195399065289055E-001	7.2012392835571626E-001 
70	1.3616414106277804E+005	3.1970774393985362E+001	-2.9225606014637862E-002	-2.1515025147702879E-007	4.6051377691154842E+000	5.1299895472457795E+000	8.7797807184454890E-001	4.1866863655753690E+000	2.7550714231037698E-001	7.2012392822329452E-001 
75	2.1939910529591079E+005	3.1952740011977632E+001	-4.7259988022368304E-002	-2.1774925138121018E-007	4.6036612735726914E+000	5.1332263376061968E+000	8.8254945811034258E-001	4.1772985429125091E+000	2.8107564526467244E-001	7.2012392546555071E-001 
80	3.5344984754301346E+005	3.1923147952057580E+001	-7.6852047942420398E-002	-2.2289317083481851E-007	4.6019414210896752E+000	5.1386695962337194E+000	8.8871079239013528E-001	4.1645734793440878E+000	2.8970769278360864E-001	7.2012351705416744E-001 
85	5.6933990843939490E+005	3.1873805417119357E+001	-1.2619458288064322E-001	-2.3243889969631634E-007	4.6000278216422270E+000	5.1477403614105750E+000	8.9707337387345953E-001	4.1471765227011570E+000	3.0331166626696177E-001	7.2010288369528974E-001 
90	9.1703301041362644E+005	3.1789344723436404E+001	-2.1065527656359606E-001	-2.5026632721837022E-007	4.5981550677304242E+000	5.1630597778072751E+000	9.0847858989541630E-001	4.1232137494789107E+000	3.2457442866405112E-001	7.1972874709510326E-001 
95	1.4769962280741460E+006	3.1637971308000214E+001	-3.6202869199978593E-001	-2.8455580807592876E-007	4.5966126319828229E+000	5.1891187494435727E+000	9.2459294720876761E-001	4.0889120868557498E+000	3.5880981789272531E-001	7.1657250928668625E-001 
100	2.3788225897485903E+006	3.1343246906849824E+001	-6.5675309315017572E-001	-3.5785268823221906E-007	4.5966861372230152E+000	5.2348109500735163E+000	9.4729203704335330E-001	4.0394492631848165E+000	4.1594508593583718E-001	7.0125929473584714E-001 
105	3.8312229634888992E+006	3.0670596145571807E+001	-1.3294038544281932E+000	-5.4756500392377472E-007	4.6013169741617306E+000	5.3196303936342950E+000	9.8044008494631196E-001	3.9637314009837850E+000	5.2082180870866546E-001	6.4791737798993054E-001 
108	5.0398801758676860E+006	2.9789818384187242E+001	-2.2101816158127576E+000	-8.3964315169198718E-007	4.5933956357351757E+000	5.4008893279103853E+000	1.0369122289374668E+000	3.8381327510531431E+000	6.5497494256192534E-001	5.8553762738837334E-001 
110	5.7400600130759878E+006	2.9061185289656201E+001	-2.9388147103437987E+000	-1.1194761802459291E-006	4.5643478865559706E+000	5.4576594442279003E+000	1.1233927854546357E+000	3.6544171059641153E+000	7.6384353883367129E-001	5.6007540078831441E-001 
115	6.6203049846663037E+006	2.7915853622820766E+001	-4.0841463771792341E+000	-1.2625020022135601E-006	4.4522545806883160E+000	5.5495808976071404E+000	1.3935401238795631E+000	3.0966600180844934E+000	9.4843568742289608E-001	5.4459913323637987E-001 
118	6.7614626726857759E+006	2.7748250484756650E+001	-4.2517495152433504E+000	-1.3451473651536787E-006	4.4856222737494438E+000	5.5817761125446133E+000	1.3429023452260456E+000	3.1953202692028508E+000	9.8642528878095159E-001	5.4291046268357246E-001 
120	6.7666746488588024E+006	2.7731264288216387E+001	-4.2687357117836129E+000	-4.5125588212514885E-006	4.4032777116047077E+000	5.6252661694451378E+000	1.5293364979657809E+000	2.8221860273075099E+000	9.8663940869460542E-001	5.4285235047634950E-001 
125	6.7702017914553713E+006	2.7679278838386391E+001	-4.3207211616136085E+000	-2.1383472468437172E-006	4.0206733161440820E+000	5.6756593028421296E+000	2.3197418555855260E+000	1.2405604129765995E+000	9.8649256867739665E-001	5.4274275244459624E-001 
130	6.7705460564094093E+006	2.7679211542695885E+001	-4.3207884573041149E+000	-4.3806737929665420E-008	3.9626775099321376E+000	5.6849077321117480E+000	2.4403576826442261E+000	9.9932770297249263E-001	9.8639236930827090E-001	5.4272921009689767E-001 
135	6.7711004985605376E+006	2.7679179401831853E+001	-4.3208205981681473E+000	-6.8125880555277053E-008	3.9327133881445242E+000	5.6920119197221686E+000	2.5038380200246615E+000	8.7236652391228631E-001	9.8609945194355819E-001	5.4271453812814541E-001 
140	6.7719934331893492E+006	2.7679105954235364E+001	-4.3208940457646356E+000	-9.0896631254007798E-008	3.9158107814244563E+000	5.6906095114576249E+000	2.5369420293325264E+000	8.0615735288059298E-001	9.8545368167123504E-001	5.4270058621991990E-001 
145	6.7734315133383963E+006	2.7678968177431841E+001	-4.3210318225681590E+000	-9.7424704067301955E-008	3.9053860584648743E+000	5.6924791312724885E+000	2.5587262851591226E+000	7.6258667945763470E-001	9.8437883540416160E-001	5.4266125934372267E-001 
150	6.7735410540929399E+006	2.7678912366016267E+001	-4.3210876339837334E+000	-1.1180473591116157E-006	3.8783213575160804E+000	5.6944677543473006E+000	2.6138499985941155E+000	6.5233837688252505E-001	9.8431357659388041E-001	5.4260876851350370E-001 
155	6.7736811746618217E+006	2.7678777031339326E+001	-4.3212229686606740E+000	-9.0556288993031811E-007	3.8905321498945513E+000	5.6939438426178528E+000	2.5891664579724503E+000	7.0170333465921286E-001	9.8419640485689230E-001	5.4260876089636334E-001 
160	6.7739068402392101E+006	2.7678710591480634E+001	-4.3212894085193660E+000	-1.3856864913163014E-007	3.8963647694209009E+000	5.6943761910926050E+000	2.5777173931571280E+000	7.2460042181248963E-001	9.8403958693785476E-001	5.4260864677999776E-001 
165	6.7742702769082496E+006	2.7678665910379731E+001	-4.3213340896202688E+000	-1.1801204387857424E-007	3.8986587924442229E+000	5.6953376130668643E+000	2.5736100580976133E+000	7.3281439085943845E-001	9.8375084438719917E-001	5.4260506889821303E-001 
170	6.7744676697313152E+006	2.7678612575689211E+001	-4.3213874243107888E+000	-9.1853270724468540E-007	3.8644823280734224E+000	5.6971195925752971E+000	2.6428539765934302E+000	5.9432571701446102E-001	9.8359557896008487E-001	5.4253579636412264E-001 
174	6.7745798540838864E+006	2.7678482932534184E+001	-4.3215170674658161E+000	-1.0585490813957837E-006	3.8812919203323903E+000	5.6969734830489269E+000	2.6091617373123093E+000	6.6170816139097377E-001	9.8350322988293126E-001	5.4253566318150803E-001 
175	6.7746152449717550E+006	2.7678446940771572E+001	-4.3215530592284281E+000	-1.0169782330964831E-006	3.8835288958778715E+000	5.6968561834872666E+000	2.6046291364405163E+000	6.7077279839862036E-001	9.8349331022233932E-001	5.4253566317774504E-001 
180	6.7748529163722377E+006	2.7678224723898118E+001	-4.3217752761018815E+000	-9.0094526413210601E-007	3.8906816182530854E+000	5.6970347567182218E+000	2.5904129783055669E+000	6.9920162791402263E-001	9.8331228023967887E-001	5.4253566280846444E-001 
185	6.7752356885394296E+006	2.7678055126238196E+001	-4.3219448737618045E+000	-1.6491495138858862E-007	3.8939717016913380E+000	5.6975879624442687E+000	2.5841094142920840E+000	7.1180609480378532E-001	9.8301375346789710E-001	5.4253520708455860E-001 
190	6.7757110302627385E+006	2.7677977308702008E+001	-4.3220226912979918E+000	-2.7264075897027029E-007	3.8288405480875971E+000	5.6937663122637288E+000	2.7124608964092971E+000	4.5510190953797164E-001	9.8261873460321292E-001	5.4241137748429724E-001 
195	6.7762074364740327E+006	2.7677366913036106E+001	-4.3226330869638936E+000	-1.2730901052341054E-006	3.8709103003413583E+000	5.6981192239691998E+000	2.6304978477545098E+000	6.1901842903809645E-001	9.8217704181833387E-001	5.4239012610339177E-001 
200	6.7770069036413841E+006	2.7676496532581588E+001	-4.3235034674184121E+000	-1.0284745083730380E-006	3.8818680625202764E+000	5.6971394096680656E+000	2.6080924162461061E+000	6.6381563442000469E-001	9.8119857734017357E-001	5.4238475609692838E-001 
205	6.7782944535090746E+006	2.7675228243185447E+001	-4.3247717568145525E+000	-9.7278992719540120E-007	3.8823370430860127E+000	5.6962814746037758E+000	2.6067254875824895E+000	6.6652958952780350E-001	9.7828398917803439E-001	5.4222913191660715E-001 
210	6.7803680654464895E+006	2.7671898444708813E+001	-4.3281015552911875E+000	-2.1777347015897186E-006	3.8129952140779855E+000	5.6990118402792911E+000	2.7467743284363011E+000	3.8637965169804572E-001	9.7301330068259018E-001	5.4155515019071387E-001 
215	6.7837076382078147E+006	2.7659381228242367E+001	-4.3406187717576330E+000	-4.4890625738020153E-006	3.7756410742054989E+000	5.7032419365264699E+000	2.8235976563048628E+000	2.3253650102478335E-001	9.6423584844854426E-001	5.4064686807177065E-001 
220	6.7890860535356561E+006	2.7631423444214789E+001	-4.3685765557852108E+000	-5.5327254797504926E-006	3.7645731123256110E+000	5.7044654034554236E+000	2.8463453135291159E+000	1.8660198470767833E-001	9.4963997885251394E-001	5.4024053547073836E-001 
225	6.7977480452053007E+006	2.7625793841921638E+001	-4.3742061580783620E+000	-6.6075920063699239E-007	3.7563089014039162E+000	5.7052466160288251E+000	2.8632643416592067E+000	1.5267543665077760E-001	9.2579796185266838E-001	5.3995530285799331E-001 
230	6.8116982694091769E+006	2.7616135534451963E+001	-4.3838644655480365E+000	-7.0180774298083601E-007	3.7526222745828042E+000	5.7067020508964754E+000	2.8713653127352559E+000	1.3632163341313383E-001	8.8962307096681958E-001	5.3971054719010503E-001 
235	6.8341652449917626E+006	2.7599821459292446E+001	-4.4001785407075538E+000	-7.4271728255546833E-007	3.7484068194545377E+000	5.7090628492505653E+000	2.8809766221688342E+000	1.1684238173868541E-001	8.2910101271507153E-001	5.3941987965722249E-001 
237	6.8420255336415423E+006	2.7593868020234279E+001	-4.4061319797657212E+000	-7.6164318648700519E-007	3.7468943434753275E+000	5.7098252479368261E+000	2.8843827734703837E+000	1.0993638923133432E-001	8.0820279120715000E-001	5.3935345393582013E-001 
240	6.8534136739772903E+006	2.7584976819083440E+001	-4.4150231809165597E+000	-7.9158681144841467E-007	3.7443988358097875E+000	5.7110363494941883E+000	2.8899793395801452E+000	9.8603297589248198E-002	7.7947025712920803E-001	5.3920442565128701E-001 
245	6.8693337509157350E+006	2.7571961153381221E+001	-4.4280388466187794E+000	-8.3554389684940451E-007	3.7407177063664721E+000	5.7126168286268371E+000	2.8981318380331005E+000	8.2093335284405669E-002	7.3941026776839713E-001	5.3895623943311144E-001 
250	6.8848420608213721E+006	2.7558683825749029E+001	-4.4413161742509715E+000	-8.7035559690944205E-007	3.7379059785677811E+000	5.7142044105901082E+000	2.9045490846121180E+000	6.9049656464248918E-002	7.0042766353351082E-001	5.3873250463480304E-001 
255	6.9007452402395094E+006	2.7544454929357933E+001	-4.4555450706420672E+000	-9.0720106776800671E-007	3.7354165488163691E+000	5.7158336695406966E+000	2.9103425735902371E+000	5.7238388877214101E-002	6.6062212607799509E-001	5.3844872829579415E-001 
260	6.9170826824983265E+006	2.7529339087272703E+001	-4.4706609127272969E+000	-9.4196508881082147E-007	3.7332614100949377E+000	5.7175155146559025E+000	2.9154937735907023E+000	4.6697591391998590E-002	6.2137798159916013E-001	5.3820179601124740E-001 
265	6.9344559160965150E+006	2.7512715331805282E+001	-4.4872846681947181E+000	-9.7369445925859684E-007	3.7309358027852229E+000	5.7192454351068891E+000	2.9210099484356262E+000	3.5402911178201449E-002	5.7901769377977641E-001	5.3796109630254396E-001 
270	6.9522254202052653E+006	2.7495076670900108E+001	-4.5049233290998920E+000	-1.0079204106179701E-006	3.7283932575809287E+000	5.7210499066645442E+000	2.9269972746230417E+000	2.3149739230671998E-002	5.3741566133984231E-001	5.3765072970230277E-001 
275	6.9706626926222742E+006	2.7476072859094511E+001	-4.5239271409054886E+000	-1.0493847850064625E-006	3.7258426918004655E+000	5.7229108923611696E+000	2.9330288990322804E+000	1.0786214685685497E-002	4.9695967867333751E-001	5.3727283657556013E-001 
280	6.9891966266537551E+006	2.7456092854112519E+001	-4.5439071458874807E+000	-1.0962539701029961E-006	3.7234568123445260E+000	5.7248182148130988E+000	2.9387543191701235E+000	-9.8055000994963656E-004	4.5341819080063084E-001	5.3685962469047899E-001 
285	7.0073226536278678E+006	2.7436034879660305E+001	-4.5639651203396951E+000	-1.1157873922596003E-006	3.7222543078856001E+000	5.7266740137882453E+000	2.9420872275755485E+000	-7.9637554289694878E-003	4.1154199423512056E-001	5.3639487705086575E-001 
290	7.0272231175781684E+006	2.7413359224596682E+001	-4.5866407754033176E+000	-1.1528835319492096E-006	3.7202000936318003E+000	5.7287177787430741E+000	2.9472175385605626E+000	-1.8583466595497786E-002	3.6552178475971636E-001	5.3584401109343305E-001 
295	7.0473394698288050E+006	2.7389670475913107E+001	-4.6103295240868931E+000	-1.1925148822644359E-006	3.7180122393132899E+000	5.7308151321430323E+000	2.9526419238975632E+000	-2.9807687077053037E-002	3.2364403509961992E-001	5.3533122958469304E-001 
300	7.0676803074645698E+006	2.7364823355413730E+001	-4.6351766445862701E+000	-1.2445418086277234E-006	3.7151662482731957E+000	5.7329645203770196E+000	2.9594086000947444E+000	-4.3735197733494151E-002	2.7975393864884757E-001	5.3437708474699319E-001 
305	7.0883224410729771E+006	2.7338626371560892E+001	-4.6613736284391081E+000	-1.2778939665615051E-006	3.7138725106350181E+000	5.7352192931211343E+000	2.9631234617431579E+000	-5.1580880406057378E-002	2.4453577105512558E-001	5.3348236843321528E-001 
310	7.1093444418199519E+006	2.7311210426685264E+001	-4.6887895733147360E+000	-1.3224249517279702E-006	3.7116457126789202E+000	5.7373939473834605E+000	2.9686643847865164E+000	-6.3098467760162286E-002	2.0591081540950831E-001	5.3233522237470110E-001 
315	7.1335861724124299E+006	2.7278465775345957E+001	-4.7215342246540430E+000	-1.3677857783638973E-006	3.7096324280038835E+000	5.7399623652642910E+000	2.9739751630770042E+000	-7.4241032124419529E-002	1.7013958703515539E-001	5.3067046816048657E-001 
320	7.1545444080756614E+006	2.7249280329669300E+001	-4.7507196703306995E+000	-1.4081357787749656E-006	3.7079422473867978E+000	5.7420775684120349E+000	2.9784131258850475E+000	-8.3581861578461689E-002	1.3457180464831089E-001	5.2915752662302362E-001 
325	7.1787740097627584E+006	2.7214300847142262E+001	-4.7856991528577382E+000	-1.4636529124087035E-006	3.7058768724916993E+000	5.7444985286097365E+000	2.9837543557740962E+000	-9.4822176642673936E-002	1.0848922193713548E-001	5.2642555783282685E-001 
330	7.2038362623349503E+006	2.7176971511894070E+001	-4.8230284881059298E+000	-1.5104466242275934E-006	3.7035608074802493E+000	5.7469133783483608E+000	2.9895939106663079E+000	-1.0709740878841231E-001	7.4563873168013994E-002	5.2334121650867416E-001 
335	7.2241647834574794E+006	2.7145382095755863E+001	-4.8546179042441366E+000	-1.5870768334943076E-006	3.7008882672156722E+000	5.7487290879358914E+000	2.9958468459892282E+000	-1.2010837944375920E-001	5.4529619965294651E-002	5.1801117251015505E-001 
340	7.2412337655521259E+006	2.7117737490760266E+001	-4.8822625092397338E+000	-1.6531237060715287E-006	3.6979423723365903E+000	5.7497582978516615E+000	3.0022532407052762E+000	-1.3336367570311286E-001	3.2573176682037901E-002	5.1029345961591022E-001 
345	7.2565097134961635E+006	2.7092777571388286E+001	-4.9072224286117141E+000	-1.5793433313485926E-006	3.7041918935923013E+000	5.7506923471093732E+000	2.9902212228227110E+000	-1.0969956072846229E-001	1.7905251606253208E-002	4.9679283016037368E-001 
350	7.2660852818788523E+006	2.7079075290533932E+001	-4.9209247094660675E+000	-1.1669883041978791E-006	3.7240745905489829E+000	5.7489140029499985E+000	2.9495666568296608E+000	-2.8610130479594764E-002	5.3517113153143652E-003	4.5596248874388784E-001 
355	7.2691327282347837E+006	2.7075724871394335E+001	-4.9242751286056645E+000	-1.0750041227505125E-006	3.7294067972022851E+000	5.7528792713445087E+000	2.9408848777203112E+000	-1.1300309641216038E-002	1.3990808552561164E-003	4.4953822256986370E-001 
360	7.2719525917542959E+006	2.7072712113973921E+001	-4.9272878860260789E+000	-1.0787295947210060E-006	3.7282257753023145E+000	5.7553973235593716E+000	2.9445059476276829E+000	-1.8590776757621288E-002	4.9073598290403400E-017	4.4096217555943257E-001 
365	7.2730838130221888E+006	2.7071485165727907E+001	-4.9285148342720930E+000	-1.0409393445826596E-006	3.7397055590971560E+000	5.7724763930574108E+000	2.9300859147870200E+000	1.0229606044294542E-002	3.5797028762196896E-016	4.3006538526041221E-001 
370	7.2739101074980143E+006	2.7070800747028201E+001	-4.9291992529717987E+000	-6.9250933981124658E-007	3.7730350383033393E+000	5.7798035091133242E+000	2.8670905144026104E+000	1.3620942688274623E-001	1.3993698251013983E-015	4.1986766792705504E-001 
375	7.2746111207414111E+006	2.7069598471477580E+001	-4.9304015285224203E+000	-4.1277409729331833E-006	3.8121297843810331E+000	5.8100649138830276E+000	2.8040317246320736E+000	2.6230771799429276E-001	4.8869026023699947E-015	4.1664869082878742E-001 
380	7.2752479960566079E+006	2.7067647652553568E+001	-4.9323523474464324E+000	-3.3938171377863352E-006	3.8598326316867793E+000	5.8213238950141122E+000	2.7142555205861245E+000	4.4182882675144763E-001	1.7974781425334816E-014	4.1562575088703296E-001 
385	7.2754843748416854E+006	2.7066711348601800E+001	-4.9332886513982004E+000	-3.0690636619805226E-006	3.8732154309912019E+000	5.8206921784508419E+000	2.6871740636956432E+000	4.9597671748061206E-001	3.3802086065922425E-014	4.1507275368639629E-001 
390	7.2757025907482319E+006	2.7066206988628863E+001	-4.9337930113711366E+000	-2.0398903880490847E-006	3.8779510736750207E+000	5.8138140428736813E+000	2.6742637105394258E+000	5.2178933109234371E-001	8.2741072689119660E-014	4.1457722241775696E-001 
395	7.2758809235520670E+006	2.7065884525715482E+001	-4.9341154742845177E+000	-1.4937260575599465E-006	3.8812217682905366E+000	5.8006262475266297E+000	2.6611284236348682E+000	5.4805473074838273E-001	1.6580955201032679E-012	4.1411889531647966E-001 
400	7.2758912490957202E+006	2.7065870091868909E+001	-4.9341299081310908E+000	-1.3218163466533224E-006	3.8820942194746575E+000	5.8027500869516482E+000	2.6604454409791360E+000	5.4942046445679094E-001	6.1321598030887383E-013	4.1406303310587733E-001 
405	7.2758921560424492E+006	2.7065869012217021E+001	-4.9341309877829787E+000	-9.9831441394665791E-007	3.8818516536596306E+000	5.8119614323459592E+000	2.6655362453063454E+000	5.3923883847845544E-001	4.8764194828001811E-014	4.1406029305732184E-001 
410	7.2758922672460899E+006	2.7065868915795090E+001	-4.9341310842049104E+000	-6.6419953162788967E-007	3.8815986119814458E+000	5.8182387548879673E+000	2.6691809899337176E+000	5.3194934767654090E-001	1.2090208134210044E-011	4.1405995749383867E-001 
415	7.2758922952215513E+006	2.7065868902344064E+001	-4.9341310976559356E+000	-2.8598772638082558E-007	3.8809736951053813E+000	5.8268354779300076E+000	2.6747291852068682E+000	5.2085295691440625E-001	5.1081439762923255E-012	4.1405987733916322E-001 
420	7.2758922984593231E+006	2.7065868901984050E+001	-4.9341310980159498E+000	-8.2340031135573302E-009	3.8808080338599900E+000	5.8297328626190552E+000	2.6765092000421746E+000	5.1729292723801734E-001	4.3371947153904870E-011	4.1405986817835572E-001 
425	7.2758923011725219E+006	2.7065868901984050E+001	-4.9341310980159498E+000	0.0000000000000000E+000	3.8806915380919405E+000	5.8316970421085559E+000	2.6777242813230235E+000	5.1486276467631908E-001	2.1835190796965058E-010	4.1405986029185277E-001 
430	7.2758923041058704E+006	2.7065868901984050E+001	-4.9341310980159498E+000	0.0000000000000000E+000	3.8805361019958373E+000	5.8338219526299344E+000	2.6790976087759195E+000	5.1211610977052768E-001	2.4931914611796245E-010	4.1405985144974466E-001 
435	7.2758923086564839E+006	2.7065868901984050E+001	-4.9341310980159498E+000	0.0000000000000000E+000	3.8803081949527978E+000	5.8368489624458162E+000	2.6810669277699377E+000	5.0817747178249051E-001	3.1674692193314952E-010	4.1405983839959309E-001 
440	7.2758923129288619E+006	2.7065868901984050E+001	-4.9341310980159498E+000	0.0000000000000000E+000	3.8802014254398109E+000	5.8380700817442035E+000	2.6818910264451068E+000	5.0652927443215257E-001	3.1847478152514505E-010	4.1405982584184942E-001 
445	7.2758923175601456E+006	2.7065868901984050E+001	-4.9341310980159498E+000	0.0000000000000000E+000	3.8801359933185116E+000	5.8388187972491981E+000	2.6823962484402029E+000	5.0551883044196089E-001	2.9839653400451315E-010	4.1405981310503803E-001 
450	7.2758923220517561E+006	2.7065868901984050E+001	-4.9341310980159498E+000	0.0000000000000000E+000	3.8800971438246976E+000	5.8392466264672125E+000	2.6826878620368375E+000	5.0493560324869124E-001	2.7566266456754118E-010	4.1405980057215785E-001 
455	7.2758923258941500E+006	2.7065868901984050E+001	-4.9341310980159498E+000	0.0000000000000000E+000	3.8800727726013808E+000	5.8394989092416516E+000	2.6828627458706902E+000	5.0458583558098591E-001	2.7547397402021806E-010	4.1405978999735382E-001 
460	7.2758923293942446E+006	2.7065868901984050E+001	-4.9341310980159498E+000	0.0000000000000000E+000	3.8800535961481684E+000	5.8396867934444723E+000	2.6829950408785264E+000	5.0432124556531366E-001	2.8413022941337185E-010	4.1405978031699309E-001 
465	7.2758923324166220E+006	2.7065868901984050E+001	-4.9341310980159498E+000	0.0000000000000000E+000	3.8800411567594959E+000	5.8398024477855675E+000	2.6830777468264184E+000	5.0415583366952943E-001	3.2506778787720580E-010	4.1405977226664431E-001 
470	7.2758923353613196E+006	2.7065868901984050E+001	-4.9341310980159498E+000	0.0000000000000000E+000	3.8800313143983178E+000	5.8398933008771294E+000	2.6831428580945555E+000	5.0402561113325561E-001	4.2633144991240546E-010	4.1405976405927447E-001 
475	7.2758923384813955E+006	2.7065868901984050E+001	-4.9341310980159498E+000	0.0000000000000000E+000	3.8800189020733300E+000	5.8399846654455931E+000	2.6832133650287635E+000	5.0388459726483947E-001	5.6070447134541650E-010	4.1405975541181572E-001 
480	7.2758923406926049E+006	2.7065868901984050E+001	-4.9341310980159498E+000	0.0000000000000000E+000	3.8800176164001221E+000	5.8399861823748429E+000	2.6832166948398037E+000	5.0387793764275846E-001	9.8787784393308520E-010	4.1405974942279117E-001 
485	7.2758923423099779E+006	2.7065868901984050E+001	-4.9341310980159498E+000	0.0000000000000000E+000	3.8800105607575452E+000	5.8398452324034027E+000	2.6831603311392374E+000	5.0399066504389145E-001	2.0238623150275002E-009	4.1405974536361656E-001 
490	7.2758923437440703E+006	2.7065868901984050E+001	-4.9341310980159498E+000	0.0000000000000000E+000	3.8799956019770439E+000	5.8399347334976390E+000	2.6832349992473588E+000	5.0384132882764920E-001	6.8422791345316727E-009	4.1405974170571702E-001 
495	7.2758923448298480E+006	2.7065868901984050E+001	-4.9341310980159498E+000	0.0000000000000000E+000	3.8797795521666929E+000	5.8420063302108760E+000	2.6847028972246778E+000	5.0090553287301076E-001	5.6078210996605329E-008	4.1405973934808349E-001 
500	7.2758923450543508E+006	2.7065868901984050E+001	-4.9341310980159498E+000	0.0000000000000000E+000	3.8797393782090293E+000	5.8423457044537148E+000	2.6849529322614254E+000	5.0040546279951570E-001	9.5793765610973307E-008	4.1405973885089536E-001 
505	7.2758923451916333E+006	2.7065868901984050E+001	-4.9341310980159498E+000	0.0000000000000000E+000	3.8797200379166701E+000	5.8425330897416403E+000	2.6850853054901069E+000	5.0014071634215274E-001	1.3830235306019209E-007	4.1405973853893963E-001 
510	7.2758923453075858E+006	2.7065868901984050E+001	-4.9341310980159498E+000	0.0000000000000000E+000	3.8796894962005202E+000	5.8428402450062471E+000	2.6852999665547101E+000	4.9971139421294636E-001	1.7816891447876408E-007	4.1405973824062098E-001 
515	7.2758923454092154E+006	2.7065868901984050E+001	-4.9341310980159498E+000	0.0000000000000000E+000	3.8796595228849644E+000	5.8431533676862442E+000	2.6855164745258202E+000	4.9927837827072630E-001	2.1414180044040684E-007	4.1405973799216456E-001 
520	7.2758923455141811E+006	2.7065868901984050E+001	-4.9341310980159498E+000	0.0000000000000000E+000	3.8796319767212601E+000	5.8434292926511056E+000	2.6857095293356581E+000	4.9889226865104985E-001	2.5023728485811139E-007	4.1405973774237853E-001 
525	7.2758923456082297E+006	2.7065868901984050E+001	-4.9341310980159498E+000	0.0000000000000000E+000	3.8796048290523606E+000	5.8437014742507740E+000	2.6858999154732923E+000	4.9851149637578202E-001	2.7174644286013903E-007	4.1405973749829944E-001 
530	7.2758923456793092E+006	2.7065868901984050E+001	-4.9341310980159498E+000	0.0000000000000000E+000	3.8795834590272293E+000	5.8439131854792201E+000	2.6860485111377774E+000	4.9821430504681130E-001	2.5471367525411070E-007	4.1405973734054674E-001 
535	7.2758923457682561E+006	2.7065868901984050E+001	-4.9341310980159498E+000	0.0000000000000000E+000	3.8795540614761626E+000	5.8442059589527595E+000	2.6862536929766798E+000	4.9780394136900674E-001	2.1409299740129774E-007	4.1405973706298610E-001 
540	7.2758923458901104E+006	2.7065868901984050E+001	-4.9341310980159498E+000	0.0000000000000000E+000	3.8795073950960379E+000	5.8446718908501989E+000	2.6865799916856505E+000	4.9715134395106558E-001	1.4903054034597239E-007	4.1405973678071262E-001 
545	7.2758923460179036E+006	2.7065868901984050E+001	-4.9341310980159498E+000	0.0000000000000000E+000	3.8794582173253556E+000	5.8451598346298184E+000	2.6869223191168232E+000	4.9646668908871994E-001	1.0153264065015258E-007	4.1405973634716442E-001 
550	7.2758923460782412E+006	2.7065868901984050E+001	-4.9341310980159498E+000	0.0000000000000000E+000	3.8794340909535290E+000	5.8453985395392278E+000	2.6870899243151820E+000	4.9613147869200214E-001	8.5632300447072908E-008	4.1405973620344838E-001 
555	7.2758923461738490E+006	2.7065868901984050E+001	-4.9341310980159498E+000	0.0000000000000000E+000	3.8794017078575758E+000	5.8457143484091523E+000	2.6873125949420511E+000	4.9568613743826390E-001	6.8235259927060662E-008	4.1405973588232514E-001 
560	7.2758923463278254E+006	2.7065868901984050E+001	-4.9341310980159498E+000	0.0000000000000000E+000	3.8793569923545852E+000	5.8461473451607446E+000	2.6876185243238293E+000	4.9507427867470755E-001	5.0658029525984917E-008	4.1405973543764668E-001 
565	7.2758923465758050E+006	2.7065868901984050E+001	-4.9341310980159498E+000	0.0000000000000000E+000	3.8792962778795528E+000	5.8467300516996579E+000	2.6880313065433508E+000	4.9424871423566497E-001	3.5436984182257472E-008	4.1405973475741586E-001 
570	7.2758923469751803E+006	2.7065868901984050E+001	-4.9341310980159498E+000	0.0000000000000000E+000	3.8792144839268956E+000	5.8475128294589762E+000	2.6885862833283247E+000	4.9313876066571732E-001	2.4585817147934791E-008	4.1405973355412312E-001 
575	7.2758923471200420E+006	2.7065868901984050E+001	-4.9341310980159498E+000	0.0000000000000000E+000	3.8791878814570691E+000	5.8477683100135458E+000	2.6887672285452608E+000	4.9277687023184474E-001	2.2214655584602526E-008	4.1405973305229210E-001 
580	7.2758923473146083E+006	2.7065868901984050E+001	-4.9341310980159498E+000	0.0000000000000000E+000	3.8791532263086879E+000	5.8481018275925072E+000	2.6890032976315039E+000	4.9230473205935854E-001	1.9859542957589514E-008	4.1405973236525212E-001 
585	7.2758923476279611E+006	2.7065868901984050E+001	-4.9341310980159498E+000	0.0000000000000000E+000	3.8790956458691155E+000	5.8486652933497218E+000	2.6894001913892560E+000	4.9151094454385397E-001	1.7298976952457613E-008	4.1405973139259206E-001 
590	7.2758923479515798E+006	2.7065868901984050E+001	-4.9341310980159498E+000	0.0000000000000000E+000	3.8790457187207057E+000	5.8491554552523093E+000	2.6897451266373693E+000	4.9082107404762798E-001	1.5953592405296915E-008	4.1405973045309774E-001 
595	7.2758923482568972E+006	2.7065868901984050E+001	-4.9341310980159498E+000	0.0000000000000000E+000	3.8790056547557361E+000	5.8495533447480561E+000	2.6900241993151823E+000	4.9026292869200172E-001	1.5799825252056779E-008	4.1405972941761332E-001 
600	7.2758923487486131E+006	2.7065868901984050E+001	-4.9341310980159498E+000	0.0000000000000000E+000	3.8789436150893737E+000	5.8501872283573251E+000	2.6904652204525408E+000	4.8938088641728439E-001	1.4823802197833975E-008	4.1405972793589035E-001 
600	7.2758923486566683E+006	2.7065868901984050E+001	-4.9341310980159498E+000	0.0000000000000000E+000	3.8789551003302085E+000	5.8500681310519633E+000	2.6903827013181911E+000	4.8954592468598412E-001	1.4859355380149669E-008	4.1405972822441978E-001 
605	7.2758923487891443E+006	2.7065868901984050E+001	-4.9341310980159498E+000	0.0000000000000000E+000	3.8789383691577988E+000	5.8502403919536619E+000	2.6905022941138599E+000	4.8930673909464673E-001	1.4717891557102923E-008	4.1405972779567707E-001 
610	7.2758923489732370E+006	2.7065868901984050E+001	-4.9341310980159498E+000	0.0000000000000000E+000	3.8789178185790765E+000	5.8504550190585611E+000	2.6906507088237541E+000	4.8900990967485808E-001	1.4802088993937836E-008	4.1405972719125389E-001 
615	7.2758923491762895E+006	2.7065868901984050E+001	-4.9341310980159498E+000	0.0000000000000000E+000	3.8788981466407764E+000	5.8506639905433300E+000	2.6907945384427387E+000	4.8872225043688866E-001	1.5709956233624216E-008	4.1405972650449407E-001 
620	7.2758923494048109E+006	2.7065868901984050E+001	-4.9341310980159498E+000	0.0000000000000000E+000	3.8788753294487619E+000	5.8509088059728525E+000	2.6909625805415276E+000	4.8838616623931091E-001	1.6964874547814958E-008	4.1405972566317695E-001 
625	7.2758923497005142E+006	2.7065868901984050E+001	-4.9341310980159498E+000	0.0000000000000000E+000	3.8788476892940520E+000	5.8512119044893032E+000	2.6911694101091750E+000	4.8797250710401613E-001	2.0434677193313403E-008	4.1405972482238296E-001 
630	7.2758923499782160E+006	2.7065868901984050E+001	-4.9341310980159498E+000	0.0000000000000000E+000	3.8788237369215963E+000	5.8514789090349559E+000	2.6913508171269114E+000	4.8760969306854329E-001	2.6125467350609910E-008	4.1405972385988393E-001 
635	7.2758923501671301E+006	2.7065868901984050E+001	-4.9341310980159498E+000	0.0000000000000000E+000	3.8788061236894764E+000	5.8516752527048856E+000	2.6914842154261160E+000	4.8734289647013401E-001	3.4097443465541308E-008	4.1405972326422641E-001 
640	7.2758923503387691E+006	2.7065868901984050E+001	-4.9341310980159498E+000	0.0000000000000000E+000	3.8787928417778055E+000	5.8518260591669229E+000	2.6915861824804770E+000	4.8713896236141191E-001	5.2774773802067507E-008	4.1405972258503398E-001 
645	7.2758923504312206E+006	2.7065868901984050E+001	-4.9341310980159498E+000	0.0000000000000000E+000	3.8787931334305270E+000	5.8518296339705822E+000	2.6915873865768640E+000	4.8713655416863855E-001	8.1105418493586895E-008	4.1405972233572896E-001 
650	7.2758923505360829E+006	2.7065868901984050E+001	-4.9341310980159498E+000	0.0000000000000000E+000	3.8787967874660811E+000	5.8517994283011561E+000	2.6915649756710418E+000	4.8718137598028322E-001	1.6295496188816816E-007	4.1405972196080093E-001 
655	7.2758923506150274E+006	2.7065868901984050E+001	-4.9341310980159498E+000	0.0000000000000000E+000	3.8788009005668154E+000	5.8517628407894682E+000	2.6915384557137303E+000	4.8723441589490563E-001	4.1737968687076646E-007	4.1405972169484739E-001 
660	7.2758923506545816E+006	2.7065868901984050E+001	-4.9341310980159498E+000	0.0000000000000000E+000	3.8788023246130465E+000	5.8517526506742019E+000	2.6915305125636357E+000	4.8725030219509524E-001	9.8189611838179393E-007	4.1405972152365389E-001 
665	7.2758923506736634E+006	2.7065868901984050E+001	-4.9341310980159498E+000	0.0000000000000000E+000	3.8788015562421090E+000	5.8517639476968002E+000	2.6915376978168082E+000	4.8723593168875012E-001	1.6979602774046362E-006	4.1405972144727488E-001 
670	7.2758923506850190E+006	2.7065868901984050E+001	-4.9341310980159498E+000	0.0000000000000000E+000	3.8787996492808672E+000	5.8517859003125681E+000	2.6915524880471771E+000	4.8720635122801276E-001	2.3195782091547379E-006	4.1405972138831443E-001 
675	7.2758923506934503E+006	2.7065868901984050E+001	-4.9341310980159498E+000	0.0000000000000000E+000	3.8787978904015290E+000	5.8518066856684481E+000	2.6915663984837930E+000	4.8717853035478031E-001	2.8706935491204656E-006	4.1405972135174840E-001 
680	7.2758923507022541E+006	2.7065868901984050E+001	-4.9341310980159498E+000	0.0000000000000000E+000	3.8787959167320842E+000	5.8518272610383590E+000	2.6915806335076371E+000	4.8715006030709179E-001	3.4383408873522322E-006	4.1405972131035151E-001 
685	7.2758923507113634E+006	2.7065868901984050E+001	-4.9341310980159498E+000	0.0000000000000000E+000	3.8787928723176526E+000	5.8518607585707940E+000	2.6916034711027188E+000	4.8710438511692905E-001	3.9754068353201154E-006	4.1405972128192697E-001 
690	7.2758923507230524E+006	2.7065868901984050E+001	-4.9341310980159498E+000	0.0000000000000000E+000	3.8787887458323538E+000	5.8519064279831152E+000	2.6916345587794765E+000	4.8704220976341323E-001	4.4979627776492177E-006	4.1405972124689533E-001 
695	7.2758923507400826E+006	2.7065868901984050E+001	-4.9341310980159498E+000	0.0000000000000000E+000	3.8787830239579781E+000	5.8519685025907267E+000	2.6916770398320331E+000	4.8695724765829984E-001	4.9387366743005380E-006	4.1405972117983292E-001 
700	7.2758923507675109E+006	2.7065868901984050E+001	-4.9341310980159498E+000	0.0000000000000000E+000	3.8787756567821581E+000	5.8520467173924615E+000	2.6917308815845415E+000	4.8684956415328345E-001	5.1820690189527248E-006	4.1405972105572980E-001 
705	7.2758923508116836E+006	2.7065868901984050E+001	-4.9341310980159498E+000	0.0000000000000000E+000	3.8787678741105962E+000	5.8521324455212769E+000	2.6917893109920734E+000	4.8673270533821944E-001	5.2371403876799916E-006	4.1405972093081184E-001 
710	7.2758923508828245E+006	2.7065868901984050E+001	-4.9341310980159498E+000	0.0000000000000000E+000	3.8787614204931167E+000	5.8522072457686338E+000	2.6918396183507101E+000	4.8663209062094642E-001	5.3666982722962221E-006	4.1405972072254676E-001 
715	7.2758923509748364E+006	2.7065868901984050E+001	-4.9341310980159498E+000	0.0000000000000000E+000	3.8787578391138267E+000	5.8522531553680670E+000	2.6918697359090067E+000	4.8657185550435317E-001	5.9116304279552658E-006	4.1405972042688322E-001 
720	7.2758923510635067E+006	2.7065868901984050E+001	-4.9341310980159498E+000	0.0000000000000000E+000	3.8787567355776718E+000	5.8522720253140497E+000	2.6918813779543078E+000	4.8654857141375113E-001	6.7016990762393895E-006	4.1405972010092851E-001 
725	7.2758923511456661E+006	2.7065868901984050E+001	-4.9341310980159498E+000	0.0000000000000000E+000	3.8787570310668182E+000	5.8522771533284113E+000	2.6918833509831952E+000	4.8654462535597642E-001	7.7744604044490983E-006	4.1405971981463613E-001 
730	7.2758923512186864E+006	2.7065868901984050E+001	-4.9341310980159498E+000	0.0000000000000000E+000	3.8787580711165677E+000	5.8522743140206126E+000	2.6918798512297974E+000	4.8655162486277159E-001	9.0288072031034183E-006	4.1405971959402260E-001 
735	7.2758923512938460E+006	2.7065868901984050E+001	-4.9341310980159498E+000	0.0000000000000000E+000	3.8787594852165506E+000	5.8522666679852540E+000	2.6918732000121528E+000	4.8656492729806078E-001	1.0727386073462268E-005	4.1405971931771096E-001 
740	7.2758923513680836E+006	2.7065868901984050E+001	-4.9341310980159498E+000	0.0000000000000000E+000	3.8787613574888011E+000	5.8522562414567583E+000	2.6918642422034034E+000	4.8658284291555992E-001	1.3057415850784277E-005	4.1405971909955341E-001 
745	7.2758923514436558E+006	2.7065868901984050E+001	-4.9341310980159498E+000	0.0000000000000000E+000	3.8787635023360165E+000	5.8522418628939210E+000	2.6918527632275540E+000	4.8660580086725846E-001	1.6508466387076825E-005	4.1405971879891751E-001 
750	7.2758923515216522E+006	2.7065868901984050E+001	-4.9341310980159498E+000	0.0000000000000000E+000	3.8787667908750825E+000	5.8522182237425380E+000	2.6918343665737297E+000	4.8664259417490663E-001	2.2270769122760972E-005	4.1405971859036234E-001 
755	7.2758923516131165E+006	2.7065868901984050E+001	-4.9341310980159498E+000	0.0000000000000000E+000	3.8787736166645574E+000	5.8521586942598871E+000	2.6917909502534556E+000	4.8672942681545522E-001	3.6263548048180698E-005	4.1405971832874666E-001 
760	7.2758923517325465E+006	2.7065868901984050E+001	-4.9341310980159498E+000	0.0000000000000000E+000	3.8787903942382740E+000	5.8519986852987183E+000	2.6916773906254372E+000	4.8695654607149175E-001	7.5406069793568334E-005	4.1405971797171481E-001 
765	7.2758923517798046E+006	2.7065868901984050E+001	-4.9341310980159498E+000	0.0000000000000000E+000	3.8787973950361758E+000	5.8519333692165478E+000	2.6916307309885488E+000	4.8704986534526851E-001	6.1944049960151808E-005	4.1405971783307421E-001 
770	7.2758923518326990E+006	2.7065868901984050E+001	-4.9341310980159498E+000	0.0000000000000000E+000	3.8788093526717309E+000	5.8518142693578472E+000	2.6915472657880875E+000	4.8721679574619114E-001	5.9715536760805447E-005	4.1405971759699928E-001 
775	7.2758923519031964E+006	2.7065868901984050E+001	-4.9341310980159498E+000	0.0000000000000000E+000	3.8788352042988095E+000	5.8515554301795003E+000	2.6913661429447582E+000	4.8757904143284986E-001	8.8003369777338094E-005	4.1405971740785397E-001 
780	7.2758923519568089E+006	2.7065868901984050E+001	-4.9341310980159498E+000	0.0000000000000000E+000	3.8788681820916007E+000	5.8512185578945743E+000	2.6911317512167123E+000	4.8804782488894172E-001	2.0280351380794987E-004	4.1405971723006207E-001 
785	7.2758923519838927E+006	2.7065868901984050E+001	-4.9341310980159498E+000	0.0000000000000000E+000	3.8788883651458952E+000	5.8510134858264067E+000	2.6909888490740403E+000	4.8833362917428585E-001	3.2111423076642154E-004	4.1405971716449907E-001 
790	7.2758923519987212E+006	2.7065868901984050E+001	-4.9341310980159498E+000	0.0000000000000000E+000	3.8789008681936963E+000	5.8508846194768394E+000	2.6908994098036527E+000	4.8851250771506122E-001	3.9619369924842992E-004	4.1405971711875766E-001 
795	7.2758923520135293E+006	2.7065868901984050E+001	-4.9341310980159498E+000	0.0000000000000000E+000	3.8789130428395535E+000	5.8507610981166316E+000	2.6908132998318357E+000	4.8868472765869536E-001	5.0734934726535984E-004	4.1405971707407813E-001 
800	7.2758923520245068E+006	2.7065868901984050E+001	-4.9341310980159498E+000	0.0000000000000000E+000	3.8789215691041767E+000	5.8506739916409014E+000	2.6907526940647233E+000	4.8880593919291976E-001	6.1797792318361085E-004	4.1405971705493744E-001 
805	7.2758923520345092E+006	2.7065868901984050E+001	-4.9341310980159498E+000	0.0000000000000000E+000	3.8789275594419923E+000	5.8506161253565612E+000	2.6907117802469225E+000	4.8888776682852103E-001	7.4116704838222448E-004	4.1405971703677347E-001 
810	7.2758923520439910E+006	2.7065868901984050E+001	-4.9341310980159498E+000	0.0000000000000000E+000	3.8789342871257180E+000	5.8505484444967317E+000	2.6906644844495569E+000	4.8898235842325272E-001	8.8582323995115377E-004	4.1405971701868627E-001 
815	7.2758923520498425E+006	2.7065868901984050E+001	-4.9341310980159498E+000	0.0000000000000000E+000	3.8789380596971665E+000	5.8505090039655165E+000	2.6906372190410526E+000	4.8903688924026151E-001	9.7817213325205698E-004	4.1405971700719990E-001 
820	7.2758923520539450E+006	2.7065868901984050E+001	-4.9341310980159498E+000	0.0000000000000000E+000	3.8789405965381683E+000	5.8504840333651851E+000	2.6906196600588825E+000	4.8907200720460153E-001	1.0449040632006560E-003	4.1405971699907729E-001 
825	7.2758923520563068E+006	2.7065868901984050E+001	-4.9341310980159498E+000	0.0000000000000000E+000	3.8789412973634820E+000	5.8504787638201687E+000	2.6906156236357477E+000	4.8908008005087134E-001	1.0326198178889597E-003	4.1405971699435862E-001 
830	7.2758923520591753E+006	2.7065868901984050E+001	-4.9341310980159498E+000	0.0000000000000000E+000	3.8789420229737939E+000	5.8504723954475200E+000	2.6906109882287983E+000	4.8908935086477012E-001	1.0724164451185196E-003	4.1405971698853672E-001 
835	7.2758923520617839E+006	2.7065868901984050E+001	-4.9341310980159498E+000	0.0000000000000000E+000	3.8789429883443622E+000	5.8504632420015525E+000	2.6906044807646787E+000	4.8910236579300892E-001	1.1044394248692641E-003	4.1405971698317140E-001 
840	7.2758923520639110E+006	2.7065868901984050E+001	-4.9341310980159498E+000	0.0000000000000000E+000	3.8789437447870490E+000	5.8504550764387693E+000	2.6905988850979132E+000	4.8911355712653981E-001	1.1276262643220003E-003	4.1405971697873550E-001 
845	7.2758923520655418E+006	2.7065868901984050E+001	-4.9341310980159498E+000	0.0000000000000000E+000	3.8789441811845347E+000	5.8504514309074933E+000	2.6905961895373047E+000	4.8911894824775726E-001	1.1430802624230341E-003	4.1405971697529981E-001 
850	7.2758923520676969E+006	2.7065868901984050E+001	-4.9341310980159498E+000	0.0000000000000000E+000	3.8789447608661876E+000	5.8504477114648417E+000	2.6905931704526718E+000	4.8912498641702246E-001	1.1624113361937095E-003	4.1405971697068938E-001 
855	7.2758923520696880E+006	2.7065868901984050E+001	-4.9341310980159498E+000	0.0000000000000000E+000	3.8789452860488791E+000	5.8504432099514423E+000	2.6905898693305894E+000	4.8913158866118717E-001	1.1779984241171027E-003	4.1405971696635568E-001 
860	7.2758923520716550E+006	2.7065868901984050E+001	-4.9341310980159498E+000	0.0000000000000000E+000	3.8789457807871357E+000	5.8504389100400847E+000	2.6905867298983970E+000	4.8913786752557287E-001	1.1898805920693195E-003	4.1405971696199018E-001 
865	7.2758923520741258E+006	2.7065868901984050E+001	-4.9341310980159498E+000	0.0000000000000000E+000	3.8789461841063519E+000	5.8504355124115826E+000	2.6905842244457139E+000	4.8914287843093901E-001	1.2043603546434791E-003	4.1405971695640920E-001 
870	7.2758923520754660E+006	2.7065868901984050E+001	-4.9341310980159498E+000	0.0000000000000000E+000	3.8789462391320177E+000	5.8504346544425863E+000	2.6905836854098841E+000	4.8914395650259845E-001	1.2097067382541237E-003	4.1405971695330485E-001 
875	7.2758923520766106E+006	2.7065868901984050E+001	-4.9341310980159498E+000	0.0000000000000000E+000	3.8789461078425376E+000	5.8504371658544052E+000	2.6905852036947544E+000	4.8914091993285735E-001	1.2124914878410924E-003	4.1405971695059585E-001 
880	7.2758923520776331E+006	2.7065868901984050E+001	-4.9341310980159498E+000	0.0000000000000000E+000	3.8789459910473991E+000	5.8504393946858997E+000	2.6905865517007781E+000	4.8913822392081058E-001	1.2105985799388602E-003	4.1405971694810789E-001 
885	7.2758923520782702E+006	2.7065868901984050E+001	-4.9341310980159498E+000	0.0000000000000000E+000	3.8789457502631319E+000	5.8504412189366635E+000	2.6905879453946957E+000	4.8913543653297520E-001	1.2093081882116005E-003	4.1405971694651750E-001 
890	7.2758923520792974E+006	2.7065868901984050E+001	-4.9341310980159498E+000	0.0000000000000000E+000	3.8789454586318728E+000	5.8504450310509268E+000	2.6905904347143439E+000	4.8913045789367893E-001	1.2066255097186456E-003	4.1405971694387961E-001 
895	7.2758923520806544E+006	2.7065868901984050E+001	-4.9341310980159498E+000	0.0000000000000000E+000	3.8789449927870789E+000	5.8504516824915394E+000	2.6905946921242374E+000	4.8912194307389156E-001	1.2020275291152382E-003	4.1405971694020632E-001 
900	7.2758923520825906E+006	2.7065868901984050E+001	-4.9341310980159498E+000	0.0000000000000000E+000	3.8789444795264072E+000	5.8504564034731352E+000	2.6905980791363797E+000	4.8911516904960700E-001	1.1948839610642654E-003	4.1405971693454446E-001 
905	7.2758923520855047E+006	2.7065868901984050E+001	-4.9341310980159498E+000	0.0000000000000000E+000	3.8789442119682311E+000	5.8504611174301200E+000	2.6906009712312247E+000	4.8910938485991701E-001	1.1811257557865389E-003	4.1405971692509513E-001 
910	7.2758923520881180E+006	2.7065868901984050E+001	-4.9341310980159498E+000	0.0000000000000000E+000	3.8789437871272354E+000	5.8504675151244108E+000	2.6906050197603615E+000	4.8910128780164325E-001	1.1661631133960230E-003	4.1405971691702770E-001 
915	7.2758923520904519E+006	2.7065868901984050E+001	-4.9341310980159498E+000	0.0000000000000000E+000	3.8789430630255262E+000	5.8504745766638280E+000	2.6906099987334877E+000	4.8909132985539061E-001	1.1492514188429965E-003	4.1405971691021903E-001 
920	7.2758923520925408E+006	2.7065868901984050E+001	-4.9341310980159498E+000	0.0000000000000000E+000	3.8789424553933700E+000	5.8504826522714390E+000	2.6906152518016055E+000	4.8908082371915573E-001	1.1322052152962737E-003	4.1405971690084126E-001 
925	7.2758923520943215E+006	2.7065868901984050E+001	-4.9341310980159498E+000	0.0000000000000000E+000	3.8789420482359382E+000	5.8504877312005998E+000	2.6906186055810499E+000	4.8907411616026686E-001	1.1161351558827530E-003	4.1405971689575100E-001 
930	7.2758923520958927E+006	2.7065868901984050E+001	-4.9341310980159498E+000	0.0000000000000000E+000	3.8789416182226355E+000	5.8504928815257680E+000	2.6906220407702395E+000	4.8906724578188776E-001	1.1001631558559216E-003	4.1405971688857945E-001 
935	7.2758923520974591E+006	2.7065868901984050E+001	-4.9341310980159498E+000	0.0000000000000000E+000	3.8789410363895662E+000	5.8504993307514805E+000	2.6906264290492343E+000	4.8905846922389806E-001	1.0825142591110563E-003	4.1405971688208942E-001 
940	7.2758923520986605E+006	2.7065868901984050E+001	-4.9341310980159498E+000	0.0000000000000000E+000	3.8789405607488372E+000	5.8505056008897434E+000	2.6906305153998233E+000	4.8905029652271953E-001	1.0675725364517790E-003	4.1405971687889537E-001 
945	7.2758923521000165E+006	2.7065868901984050E+001	-4.9341310980159498E+000	0.0000000000000000E+000	3.8789398961624362E+000	5.8505128266016229E+000	2.6906354574285665E+000	4.8904041246523372E-001	1.0808170833988551E-003	4.1405971687263793E-001 
950	7.2758923521021334E+006	2.7065868901984050E+001	-4.9341310980159498E+000	0.0000000000000000E+000	3.8789397106054948E+000	5.8505151286540613E+000	2.6906369795686667E+000	4.8903736818503257E-001	1.0719268563085130E-003	4.1405971686624032E-001 
955	7.2758923521035416E+006	2.7065868901984050E+001	-4.9341310980159498E+000	0.0000000000000000E+000	3.8789404726093890E+000	5.8505067067912657E+000	2.6906312446294809E+000	4.8904883806340427E-001	1.0763248707139311E-003	4.1405971686281307E-001 
960	7.2758923521045707E+006	2.7065868901984050E+001	-4.9341310980159498E+000	0.0000000000000000E+000	3.8789406611576642E+000	5.8505037134764306E+000	2.6906293708755142E+000	4.8905258557133774E-001	1.0694422926929273E-003	4.1405971685926612E-001 
965	7.2758923521059426E+006	2.7065868901984050E+001	-4.9341310980159498E+000	0.0000000000000000E+000	3.8789399660130788E+000	5.8505130697809946E+000	2.6906354393169658E+000	4.8904044868843460E-001	1.0683472209247090E-003	4.1405971685281778E-001 
970	7.2758923521069698E+006	2.7065868901984050E+001	-4.9341310980159498E+000	0.0000000000000000E+000	3.8789389118661939E+000	5.8505243770958124E+000	2.6906432012681445E+000	4.8902492478607723E-001	1.0646174854542808E-003	4.1405971684993120E-001 
975	7.2758923521077419E+006	2.7065868901984050E+001	-4.9341310980159498E+000	0.0000000000000000E+000	3.8789386423569980E+000	5.8505275755938104E+000	2.6906453395355352E+000	4.8902064825129554E-001	1.0608274699507735E-003	4.1405971684681314E-001 
980	7.2758923521087663E+006	2.7065868901984050E+001	-4.9341310980159498E+000	0.0000000000000000E+000	3.8789382563432770E+000	5.8505323570562737E+000	2.6906485022942093E+000	4.8901432273394746E-001	1.0520493955583159E-003	4.1405971684292275E-001 
985	7.2758923521098252E+006	2.7065868901984050E+001	-4.9341310980159498E+000	0.0000000000000000E+000	3.8789379238689921E+000	5.8505356861602600E+000	2.6906508317947728E+000	4.8900966373282118E-001	1.0503608431132517E-003	4.1405971684044790E-001 
990	7.2758923521108152E+006	2.7065868901984050E+001	-4.9341310980159498E+000	0.0000000000000000E+000	3.8789378421334630E+000	5.8505360392018426E+000	2.6906511717866213E+000	4.8900898374912383E-001	1.0440078031642827E-003	4.1405971683742904E-001 
995	7.2758923521114802E+006	2.7065868901984050E+001	-4.9341310980159498E+000	0.0000000000000000E+000	3.8789380024471276E+000	5.8505355610243202E+000	2.6906506120705314E+000	4.8901010318130367E-001	1.0405416027200350E-003	4.1405971683460546E-001 
1000	7.2758923521119263E+006	2.7065868901984050E+001	-4.9341310980159498E+000	0.0000000000000000E+000	3.8789381747000373E+000	5.8505339702644985E+000	2.6906494721848011E+000	4.8901238295276456E-001	1.0376259301686775E-003	4.1405971683275034E-001 
1005	7.2758923521126248E+006	2.7065868901984050E+001	-4.9341310980159498E+000	0.0000000000000000E+000	3.8789383021195105E+000	5.8505321757371131E+000	2.6906483200821616E+000	4.8901468715804303E-001	1.0279512331893730E-003	4.1405971683090437E-001 
1010	7.2758923521134015E+006	2.7065868901984050E+001	-4.9341310980159498E+000	0.0000000000000000E+000	3.8789382172498064E+000	5.8505330861419562E+000	2.6906489450239914E+000	4.8901343727438390E-001	1.0214125143679002E-003	4.1405971682839815E-001 
1015	7.2758923521142947E+006	2.7065868901984050E+001	-4.9341310980159498E+000	0.0000000000000000E+000	3.8789376717681447E+000	5.8505390109098911E+000	2.6906529983712812E+000	4.8900533057980344E-001	1.0119595442597239E-003	4.1405971682476927E-001 
1020	7.2758923521149959E+006	2.7065868901984050E+001	-4.9341310980159498E+000	0.0000000000000000E+000	3.8789368276235670E+000	5.8505491854158382E+000	2.6906597739134113E+000	4.8899177949554373E-001	1.0009598257364435E-003	4.1405971682292370E-001 
1025	7.2758923521156423E+006	2.7065868901984050E+001	-4.9341310980159498E+000	0.0000000000000000E+000	3.8789356627500382E+000	5.8505615377026965E+000	2.6906682798038983E+000	4.8897476771456982E-001	9.9056490322705000E-004	4.1405971682122794E-001 
1030	7.2758923521165010E+006	2.7065868901984050E+001	-4.9341310980159498E+000	0.0000000000000000E+000	3.8789346510084259E+000	5.8505726962828346E+000	2.6906758825771910E+000	4.8895956216798425E-001	9.7801093133613633E-004	4.1405971681808190E-001 
1035	7.2758923521173801E+006	2.7065868901984050E+001	-4.9341310980159498E+000	0.0000000000000000E+000	3.8789337696665593E+000	5.8505830428309880E+000	2.6906828185350022E+000	4.8894569025236212E-001	9.6906517984625851E-004	4.1405971681488940E-001 
1040	7.2758923521184810E+006	2.7065868901984050E+001	-4.9341310980159498E+000	0.0000000000000000E+000	3.8789329625192939E+000	5.8505921335332438E+000	2.6906889781806602E+000	4.8893337096104628E-001	9.5863884114654862E-004	4.1405971681248166E-001 
1045	7.2758923521195306E+006	2.7065868901984050E+001	-4.9341310980159498E+000	0.0000000000000000E+000	3.8789331745734366E+000	5.8505899460920947E+000	2.6906874603518007E+000	4.8893640661876503E-001	9.4928072151524018E-004	4.1405971680964954E-001 
1050	7.2758923521208521E+006	2.7065868901984050E+001	-4.9341310980159498E+000	0.0000000000000000E+000	3.8789345730599059E+000	5.8505738895157364E+000	2.6906766350906821E+000	4.8895805714100243E-001	9.4398847960906686E-004	4.1405971680608306E-001 
1055	7.2758923521229802E+006	2.7065868901984050E+001	-4.9341310980159498E+000	0.0000000000000000E+000	3.8789360915117279E+000	5.8505563146194195E+000	2.6906648107388800E+000	4.8898170584460654E-001	9.3701627605729089E-004	4.1405971679917003E-001 
1060	7.2758923521264084E+006	2.7065868901984050E+001	-4.9341310980159498E+000	0.0000000000000000E+000	3.8789373489131913E+000	5.8505450024527903E+000	2.6906566398526381E+000	4.8899804761708987E-001	9.2862705780657518E-004	4.1405971678761516E-001 
1065	7.2758923521316638E+006	2.7065868901984050E+001	-4.9341310980159498E+000	0.0000000000000000E+000	3.8789442727074905E+000	5.8504677768133382E+000	2.6906041794443150E+000	4.8910296843373691E-001	8.9019511181839621E-004	4.1405971677484310E-001 
1070	7.2758923521362022E+006	2.7065868901984050E+001	-4.9341310980159498E+000	0.0000000000000000E+000	3.8789523755925215E+000	5.8503808039680081E+000	2.6905444872515867E+000	4.8922235281919269E-001	8.0845166650889957E-004	4.1405971675856823E-001 
1075	7.2758923521424523E+006	2.7065868901984050E+001	-4.9341310980159498E+000	0.0000000000000000E+000	3.8789654370037967E+000	5.8502413290567006E+000	2.6904486269733834E+000	4.8941407337559939E-001	7.9003771702120689E-004	4.1405971673955583E-001 
1080	7.2758923521450171E+006	2.7065868901984050E+001	-4.9341310980159498E+000	0.0000000000000000E+000	3.8789699718228352E+000	5.8501934781502669E+000	2.6904156318820895E+000	4.8948006355818707E-001	8.6447707845851009E-004	4.1405971673570230E-001 
1085	7.2758923521483280E+006	2.7065868901984050E+001	-4.9341310980159498E+000	0.0000000000000000E+000	3.8789776701903254E+000	5.8501124004447815E+000	2.6903596962943657E+000	4.8959193473363516E-001	9.6149718688730073E-004	4.1405971673056968E-001 
1090	7.2758923521522069E+006	2.7065868901984050E+001	-4.9341310980159498E+000	0.0000000000000000E+000	3.8789869121111380E+000	5.8500147918110530E+000	2.6902924081358766E+000	4.8972651105061332E-001	1.2220223362078709E-003	4.1405971672454672E-001 
1095	7.2758923521543946E+006	2.7065868901984050E+001	-4.9341310980159498E+000	0.0000000000000000E+000	3.8789920329458862E+000	5.8499616690212513E+000	2.6902556050714792E+000	4.8980011717940763E-001	1.3784658381595966E-003	4.1405971672112418E-001 
1100	7.2758923521560011E+006	2.7065868901984050E+001	-4.9341310980159498E+000	0.0000000000000000E+000	3.8789962985015496E+000	5.8499163841122970E+000	2.6902244315056754E+000	4.8986246431101604E-001	1.6033403590019536E-003	4.1405971671858993E-001 
1105	7.2758923521576533E+006	2.7065868901984050E+001	-4.9341310980159498E+000	0.0000000000000000E+000	3.8790026723586539E+000	5.8498485353354992E+000	2.6901777594030674E+000	4.8995580851623127E-001	1.7355559579378451E-003	4.1405971671597114E-001 
1110	7.2758923521587383E+006	2.7065868901984050E+001	-4.9341310980159498E+000	0.0000000000000000E+000	3.8790058940173613E+000	5.8498158292406988E+000	2.6901549630382529E+000	4.9000140124586045E-001	1.8939677654313163E-003	4.1405971671423047E-001 
1115	7.2758923521597423E+006	2.7065868901984050E+001	-4.9341310980159498E+000	0.0000000000000000E+000	3.8790073700674177E+000	5.8498005819424055E+000	2.6901443872889943E+000	4.9002255274437784E-001	1.9830927945670208E-003	4.1405971671259728E-001 
1120	7.2758923521610424E+006	2.7065868901984050E+001	-4.9341310980159498E+000	0.0000000000000000E+000	3.8790090448490182E+000	5.8497831487451020E+000	2.6901323211271411E+000	4.9004668506808413E-001	2.1594548036043709E-003	4.1405971671047942E-001 
1125	7.2758923521626918E+006	2.7065868901984050E+001	-4.9341310980159498E+000	0.0000000000000000E+000	3.8790106596361840E+000	5.8497696911282615E+000	2.6901223627443889E+000	4.9006660183358841E-001	2.3482737096913254E-003	4.1405971670776803E-001 
1130	7.2758923521639267E+006	2.7065868901984050E+001	-4.9341310980159498E+000	0.0000000000000000E+000	3.8790138405835721E+000	5.8497349686306901E+000	2.6900986396008268E+000	4.9011404812071263E-001	2.9996867848381876E-003	4.1405971670576036E-001 
1135	7.2758923521647844E+006	2.7065868901984050E+001	-4.9341310980159498E+000	0.0000000000000000E+000	3.8790172431209493E+000	5.8496987443507154E+000	2.6900737223860851E+000	4.9016388255019616E-001	3.2952215634804165E-003	4.1405971670432951E-001 
1140	7.2758923521657391E+006	2.7065868901984050E+001	-4.9341310980159498E+000	0.0000000000000000E+000	3.8790269924815042E+000	5.8495931673136319E+000	2.6900014351464336E+000	4.9030845702949893E-001	3.5132473697719263E-003	4.1405971670272718E-001 
1145	7.2758923521661013E+006	2.7065868901984050E+001	-4.9341310980159498E+000	0.0000000000000000E+000	3.8790318839161615E+000	5.8495385942718032E+000	2.6899643657562047E+000	4.9038259580995741E-001	4.1080574801457478E-003	4.1405971670212988E-001 
1150	7.2758923521661405E+006	2.7065868901984050E+001	-4.9341310980159498E+000	0.0000000000000000E+000	3.8790324071231961E+000	5.8495318164807619E+000	2.6899599304466149E+000	4.9039146642913622E-001	4.2008337725704132E-003	4.1405971670205804E-001 
1155	7.2758923521661963E+006	2.7065868901984050E+001	-4.9341310980159498E+000	0.0000000000000000E+000	3.8790331673745184E+000	5.8495234133151666E+000	2.6899542083611720E+000	4.9040291060002189E-001	4.2152693091513094E-003	4.1405971670196146E-001 
1160	7.2758923521662867E+006	2.7065868901984050E+001	-4.9341310980159498E+000	0.0000000000000000E+000	3.8790344140531738E+000	5.8495105524965210E+000	2.6899452845945402E+000	4.9042075813328634E-001	4.2362637597296703E-003	4.1405971670180552E-001 
1165	7.2758923521664320E+006	2.7065868901984050E+001	-4.9341310980159498E+000	0.0000000000000000E+000	3.8790360466272755E+000	5.8494920082339279E+000	2.6899327473150394E+000	4.9044583269228781E-001	4.2725519448793591E-003	4.1405971670155367E-001 
1170	7.2758923521666676E+006	2.7065868901984050E+001	-4.9341310980159498E+000	0.0000000000000000E+000	3.8790380136762166E+000	5.8494712681150753E+000	2.6899184431577319E+000	4.9047444100690257E-001	4.3403009959101894E-003	4.1405971670114616E-001 
1175	7.2758923521669852E+006	2.7065868901984050E+001	-4.9341310980159498E+000	0.0000000000000000E+000	3.8790391614495991E+000	5.8494586606701153E+000	2.6899098438884850E+000	4.9049163954539671E-001	4.4264647244554693E-003	4.1405971670059505E-001 
1180	7.2758923521673298E+006	2.7065868901984050E+001	-4.9341310980159498E+000	0.0000000000000000E+000	3.8790393364842117E+000	5.8494586427429196E+000	2.6899094848556615E+000	4.9049235761104298E-001	4.5313627395438417E-003	4.1405971669999958E-001 
1185	7.2758923521674536E+006	2.7065868901984050E+001	-4.9341310980159498E+000	0.0000000000000000E+000	3.8790391309511469E+000	5.8494600900137383E+000	2.6899106195572018E+000	4.9049008820796308E-001	4.9094383655040172E-003	4.1405971669978137E-001 
1185	7.2758923521674359E+006	2.7065868901984050E+001	-4.9341310980159498E+000	0.0000000000000000E+000	3.8790391893989020E+000	5.8494595946906669E+000	2.6899102550001555E+000	4.9049081732205579E-001	4.9106111286673464E-003	4.1405971669981295E-001 
1190	7.2758923521674713E+006	2.7065868901984050E+001	-4.9341310980159498E+000	0.0000000000000000E+000	3.8790391426496140E+000	5.8494602769643524E+000	2.6899106896355747E+000	4.9048994805121743E-001	4.9351677532179740E-003	4.1405971669975178E-001 
1195	7.2758923521674871E+006	2.7065868901984050E+001	-4.9341310980159498E+000	0.0000000000000000E+000	3.8790391875288281E+000	5.8494607001030463E+000	2.6899108114464934E+000	4.9048970442938006E-001	4.9352209466161489E-003	4.1405971669972352E-001 
1200	7.2758923521675030E+006	2.7065868901984050E+001	-4.9341310980159498E+000	0.0000000000000000E+000	3.8790390839168141E+000	5.8494607665962848E+000	2.6899110519171412E+000	4.9048922348808394E-001	4.9305965426538305E-003	4.1405971669969666E-001 
1205	7.2758923521675272E+006	2.7065868901984050E+001	-4.9341310980159498E+000	0.0000000000000000E+000	3.8790390792735647E+000	5.8494612521944740E+000	2.6899113040027340E+000	4.9048871931689814E-001	4.9241706143869123E-003	4.1405971669965347E-001 
1210	7.2758923521675672E+006	2.7065868901984050E+001	-4.9341310980159498E+000	0.0000000000000000E+000	3.8790390837265289E+000	5.8494617512433091E+000	2.6899115446212236E+000	4.9048823807991898E-001	4.9242202311074656E-003	4.1405971669958386E-001 
1215	7.2758923521676334E+006	2.7065868901984050E+001	-4.9341310980159498E+000	0.0000000000000000E+000	3.8790389001521142E+000	5.8494628715435892E+000	2.6899124719201928E+000	4.9048638348198098E-001	4.9163232747099104E-003	4.1405971669947178E-001 
1220	7.2758923521677209E+006	2.7065868901984050E+001	-4.9341310980159498E+000	0.0000000000000000E+000	3.8790388170068164E+000	5.8494651445113721E+000	2.6899137746946797E+000	4.9048377793300646E-001	4.9046213691189096E-003	4.1405971669931874E-001 
1225	7.2758923521677684E+006	2.7065868901984050E+001	-4.9341310980159498E+000	0.0000000000000000E+000	3.8790387138756777E+000	5.8494654862802093E+000	2.6899141518413763E+000	4.9048302363961382E-001	4.9054278638208495E-003	4.1405971669923519E-001 
1230	7.2758923521678420E+006	2.7065868901984050E+001	-4.9341310980159498E+000	0.0000000000000000E+000	3.8790387286039212E+000	5.8494668460544883E+000	2.6899148022720287E+000	4.9048172277830909E-001	4.8907521297764309E-003	4.1405971669910718E-001 
1235	7.2758923521679603E+006	2.7065868901984050E+001	-4.9341310980159498E+000	0.0000000000000000E+000	3.8790387109363289E+000	5.8494671541663346E+000	2.6899149916631364E+000	4.9048134399609339E-001	4.8737547667075647E-003	4.1405971669890107E-001 
1240	7.2758923521681251E+006	2.7065868901984050E+001	-4.9341310980159498E+000	0.0000000000000000E+000	3.8790389056066035E+000	5.8494651867622451E+000	2.6899136186205430E+000	4.9048409008128047E-001	4.8786947435287891E-003	4.1405971669861052E-001 
1245	7.2758923521683468E+006	2.7065868901984050E+001	-4.9341310980159498E+000	0.0000000000000000E+000	3.8790401985590961E+000	5.8494516671801797E+000	2.6899042729245242E+000	4.9050278147331783E-001	4.8746060274270139E-003	4.1405971669822078E-001 
1250	7.2758923521686392E+006	2.7065868901984050E+001	-4.9341310980159498E+000	0.0000000000000000E+000	3.8790438386338235E+000	5.8494107488469815E+000	2.6898765336084698E+000	4.9055826010542719E-001	5.0612585005725737E-003	4.1405971669770497E-001 
1255	7.2758923521687547E+006	2.7065868901984050E+001	-4.9341310980159498E+000	0.0000000000000000E+000	3.8790454131456982E+000	5.8493929443666994E+000	2.6898644823445808E+000	4.9058236263320459E-001	5.0716678228659821E-003	4.1405971669750091E-001 
1260	7.2758923521689130E+006	2.7065868901984050E+001	-4.9341310980159498E+000	0.0000000000000000E+000	3.8790470013706768E+000	5.8493763258624396E+000	2.6898529966424922E+000	4.9060533403738232E-001	5.1197193244749703E-003	4.1405971669721781E-001 
1265	7.2758923521691682E+006	2.7065868901984050E+001	-4.9341310980159498E+000	0.0000000000000000E+000	3.8790486753450892E+000	5.8493589094973029E+000	2.6898409405110995E+000	4.9062944630016730E-001	5.2601501493459817E-003	4.1405971669675951E-001 
1270	7.2758923521694588E+006	2.7065868901984050E+001	-4.9341310980159498E+000	0.0000000000000000E+000	3.8790483200525876E+000	5.8493632395377979E+000	2.6898438161163507E+000	4.9062369508966508E-001	8.2248641054055976E-003	4.1405971669625369E-001 
1275	7.2758923521696320E+006	2.7065868901984050E+001	-4.9341310980159498E+000	0.0000000000000000E+000	3.8790474334574867E+000	5.8493728674922219E+000	2.6898504032837645E+000	4.9061052075483730E-001	9.0976927545403392E-003	4.1405971669594377E-001 
1280	7.2758923521696795E+006	2.7065868901984050E+001	-4.9341310980159498E+000	0.0000000000000000E+000	3.8790471369969111E+000	5.8493766528642626E+000	2.6898528888909357E+000	4.9060554954049523E-001	9.4135397586997283E-003	4.1405971669585728E-001 
1285	7.2758923521697531E+006	2.7065868901984050E+001	-4.9341310980159498E+000	0.0000000000000000E+000	3.8790466377835582E+000	5.8493824226258271E+000	2.6898567721984237E+000	4.9059778292551881E-001	9.8553859442218356E-003	4.1405971669572494E-001 
1290	7.2758923521698238E+006	2.7065868901984050E+001	-4.9341310980159498E+000	0.0000000000000000E+000	3.8790460229590273E+000	5.8493889479302075E+000	2.6898612644996756E+000	4.9058879832301538E-001	1.1009435613391709E-002	4.1405971669559771E-001 
1295	7.2758923521698751E+006	2.7065868901984050E+001	-4.9341310980159498E+000	0.0000000000000000E+000	3.8790456168263492E+000	5.8493949350205225E+000	2.6898650703101903E+000	4.9058118670198575E-001	1.2248187599450833E-002	4.1405971669550251E-001 
1300	7.2758923521699011E+006	2.7065868901984050E+001	-4.9341310980159498E+000	0.0000000000000000E+000	3.8790453889125138E+000	5.8493980950521891E+000	2.6898671061536934E+000	4.9057711501497997E-001	1.5303038315918879E-002	4.1405971669545599E-001 
1305	7.2758923521699142E+006	2.7065868901984050E+001	-4.9341310980159498E+000	0.0000000000000000E+000	3.8790451577298928E+000	5.8493995801236567E+000	2.6898683110546684E+000	4.9057470521302948E-001	1.6405260689078334E-002	4.1405971669543123E-001 
1310	7.2758923521699263E+006	2.7065868901984050E+001	-4.9341310980159498E+000	0.0000000000000000E+000	3.8790450826151330E+000	5.8494014142702015E+000	2.6898693783574608E+000	4.9057257060744464E-001	1.7349176608612384E-002	4.1405971669540881E-001 
1315	7.2758923521699309E+006	2.7065868901984050E+001	-4.9341310980159498E+000	0.0000000000000000E+000	3.8790448865623115E+000	5.8494019477458945E+000	2.6898700372009507E+000	4.9057125292046472E-001	1.7974405242528455E-002	4.1405971669539737E-001 
1320	7.2758923521699393E+006	2.7065868901984050E+001	-4.9341310980159498E+000	0.0000000000000000E+000	3.8790449681152608E+000	5.8494026916288719E+000	2.6898702460365418E+000	4.9057083524928291E-001	1.8493953301565232E-002	4.1405971669538627E-001 
1325	7.2758923521699440E+006	2.7065868901984050E+001	-4.9341310980159498E+000	0.0000000000000000E+000	3.8790448338783419E+000	5.8494029631694540E+000	2.6898706502806702E+000	4.9057002676102623E-001	1.8723651086132439E-002	4.1405971669538105E-001 
1330	7.2758923521699496E+006	2.7065868901984050E+001	-4.9341310980159498E+000	0.0000000000000000E+000	3.8790448911248663E+000	5.8494037280989772E+000	2.6898709182523821E+000	4.9056949081760187E-001	1.9070086413893857E-002	4.1405971669537289E-001 
1335	7.2758923521699561E+006	2.7065868901984050E+001	-4.9341310980159498E+000	0.0000000000000000E+000	3.8790447507323069E+000	5.8494042473876107E+000	2.6898714586818180E+000	4.9056840995873058E-001	1.9680189398616914E-002	4.1405971669535979E-001 
1340	7.2758923521699682E+006	2.7065868901984050E+001	-4.9341310980159498E+000	0.0000000000000000E+000	3.8790445415329566E+000	5.8494058203178643E+000	2.6898726635456458E+000	4.9056600023107505E-001	2.0845891544607326E-002	4.1405971669533881E-001 
1345	7.2758923521699710E+006	2.7065868901984050E+001	-4.9341310980159498E+000	0.0000000000000000E+000	3.8790445787736263E+000	5.8494064361206748E+000	2.6898728969657117E+000	4.9056553339094322E-001	2.1196548859393257E-002	4.1405971669533320E-001 
1350	7.2758923521699728E+006	2.7065868901984050E+001	-4.9341310980159498E+000	0.0000000000000000E+000	3.8790444916128788E+000	5.8494075963195025E+000	2.6898736513866206E+000	4.9056402454912523E-001	2.1456726084529386E-002	4.1405971669532893E-001 
1355	7.2758923521699775E+006	2.7065868901984050E+001	-4.9341310980159498E+000	0.0000000000000000E+000	3.8790444274519364E+000	5.8494070530289841E+000	2.6898735080632457E+000	4.9056431119587512E-001	2.1944535962767651E-002	4.1405971669532204E-001 
1355	7.2758923521699766E+006	2.7065868901984050E+001	-4.9341310980159498E+000	0.0000000000000000E+000	3.8790444509956243E+000	5.8494073497778238E+000	2.6898736093502902E+000	4.9056410862178584E-001	2.1851374537172757E-002	4.1405971669532321E-001 
1360	7.2758923521699766E+006	2.7065868901984050E+001	-4.9341310980159498E+000	0.0000000000000000E+000	3.8790444734903993E+000	5.8494074333279080E+000	2.6898736061357824E+000	4.9056411505080127E-001	2.2032370031655063E-002	4.1405971669532099E-001 
1365	7.2758923521699766E+006	2.7065868901984050E+001	-4.9341310980159498E+000	0.0000000000000000E+000	3.8790445353995553E+000	5.8494078237948344E+000	2.6898736775509322E+000	4.9056397222050174E-001	2.2161928791988569E-002	4.1405971669531927E-001 
1370	7.2758923521699766E+006	2.7065868901984050E+001	-4.9341310980159498E+000	0.0000000000000000E+000	3.8790443921831943E+000	5.8494073541482843E+000	2.6898737291603791E+000	4.9056386900160831E-001	2.2237156800374885E-002	4.1405971669531810E-001 
1375	7.2758923521699766E+006	2.7065868901984050E+001	-4.9341310980159498E+000	0.0000000000000000E+000	3.8790443937928036E+000	5.8494074777593044E+000	2.6898737877466719E+000	4.9056375182902295E-001	2.2270038435350338E-002	4.1405971669531766E-001 
1380	7.2758923521699766E+006	2.7065868901984050E+001	-4.9341310980159498E+000	0.0000000000000000E+000	3.8790445212528106E+000	5.8494078401217715E+000	2.6898737140078910E+000	4.9056389930658489E-001	2.2278137978681854E-002	4.1405971669531755E-001 
1385	7.2758923521699766E+006	2.7065868901984050E+001	-4.9341310980159498E+000	0.0000000000000000E+000	3.8790445233427211E+000	5.8494080162753921E+000	2.6898737979048803E+000	4.9056373151260579E-001	2.2290924604439502E-002	4.1405971669531738E-001 
1390	7.2758923521699766E+006	2.7065868901984050E+001	-4.9341310980159498E+000	0.0000000000000000E+000	3.8790443932219301E+000	5.8494073787101977E+000	2.6898737393638648E+000	4.9056384859463686E-001	2.2311412686024452E-002	4.1405971669531699E-001 
1395	7.2758923521699766E+006	2.7065868901984050E+001	-4.9341310980159498E+000	0.0000000000000000E+000	3.8790443550786788E+000	5.8494077222800902E+000	2.6898739874353144E+000	4.9056335245173799E-001	2.2344258045415750E-002	4.1405971669531655E-001 
1400	7.2758923521699766E+006	2.7065868901984050E+001	-4.9341310980159498E+000	0.0000000000000000E+000	3.8790443776210899E+000	5.8494076591316384E+000	2.6898739107762659E+000	4.9056350576983487E-001	2.2397245058628886E-002	4.1405971669531588E-001 
1405	7.2758923521699766E+006	2.7065868901984050E+001	-4.9341310980159498E+000	0.0000000000000000E+000	3.8790444609950545E+000	5.8494082608978095E+000	2.6898740449114222E+000	4.9056323749952219E-001	2.2484299832990735E-002	4.1405971669531461E-001 
1410	7.2758923521699766E+006	2.7065868901984050E+001	-4.9341310980159498E+000	0.0000000000000000E+000	3.8790444390509151E+000	5.8494084252506706E+000	2.6898741709761329E+000	4.9056298537010096E-001	2.2618087498387923E-002	4.1405971669531266E-001 
1415	7.2758923521699766E+006	2.7065868901984050E+001	-4.9341310980159498E+000	0.0000000000000000E+000	3.8790443873916658E+000	5.8494083186978285E+000	2.6898742210182096E+000	4.9056288528594760E-001	2.2768484906187436E-002	4.1405971669531055E-001 
1420	7.2758923521699766E+006	2.7065868901984050E+001	-4.9341310980159498E+000	0.0000000000000000E+000	3.8790444777457393E+000	5.8494082352858721E+000	2.6898739986040838E+000	4.9056333011419856E-001	2.2820402044689499E-002	4.1405971669530994E-001 
1425	7.2758923521699766E+006	2.7065868901984050E+001	-4.9341310980159498E+000	0.0000000000000000E+000	3.8790443187356005E+000	5.8494083315397960E+000	2.6898743647513230E+000	4.9056259781972000E-001	2.2832911565216191E-002	4.1405971669530983E-001 
1430	7.2758923521699766E+006	2.7065868901984050E+001	-4.9341310980159498E+000	0.0000000000000000E+000	3.8790443909916243E+000	5.8494080746770143E+000	2.6898740918078841E+000	4.9056314370659798E-001	2.2839814332802272E-002	4.1405971669530961E-001 
1435	7.2758923521699766E+006	2.7065868901984050E+001	-4.9341310980159498E+000	0.0000000000000000E+000	3.8790444665321795E+000	5.8494083436185598E+000	2.6898740751975474E+000	4.9056317692727197E-001	2.2850808117133331E-002	4.1405971669530950E-001 
1440	7.2758923521699766E+006	2.7065868901984050E+001	-4.9341310980159498E+000	0.0000000000000000E+000	3.8790443832373409E+000	5.8494080394720234E+000	2.6898740897139559E+000	4.9056314789445460E-001	2.2868653475960361E-002	4.1405971669530928E-001 
1445	7.2758923521699766E+006	2.7065868901984050E+001	-4.9341310980159498E+000	0.0000000000000000E+000	3.8790443649169566E+000	5.8494078467757529E+000	2.6898740300065902E+000	4.9056326730918620E-001	2.2897714150683916E-002	4.1405971669530900E-001 
1450	7.2758923521699766E+006	2.7065868901984050E+001	-4.9341310980159498E+000	0.0000000000000000E+000	3.8790444497726626E+000	5.8494088672075835E+000	2.6898743705110921E+000	4.9056258630018196E-001	2.2945245634401836E-002	4.1405971669530839E-001 
1455	7.2758923521699766E+006	2.7065868901984050E+001	-4.9341310980159498E+000	0.0000000000000000E+000	3.8790443713077458E+000	5.8494082230484521E+000	2.6898742053613609E+000	4.9056291659964474E-001	2.3022571732134497E-002	4.1405971669530744E-001 
1460	7.2758923521699766E+006	2.7065868901984050E+001	-4.9341310980159498E+000	0.0000000000000000E+000	3.8790444289633150E+000	5.8494085249412819E+000	2.6898742409966365E+000	4.9056284532909306E-001	2.3149405233777860E-002	4.1405971669530595E-001 
1465	7.2758923521699766E+006	2.7065868901984050E+001	-4.9341310980159498E+000	0.0000000000000000E+000	3.8790442782874655E+000	5.8494085922793477E+000	2.6898745760173695E+000	4.9056217528762730E-001	2.3358916780087578E-002	4.1405971669530350E-001 
1470	7.2758923521699775E+006	2.7065868901984050E+001	-4.9341310980159498E+000	0.0000000000000000E+000	3.8790442781226635E+000	5.8494089195238423E+000	2.6898747399692193E+000	4.9056184738392744E-001	2.3709914934214094E-002	4.1405971669529951E-001 
1475	7.2758923521699831E+006	2.7065868901984050E+001	-4.9341310980159498E+000	0.0000000000000000E+000	3.8790443687739904E+000	5.8494095915172721E+000	2.6898748946632818E+000	4.9056153799580249E-001	2.4339573126851435E-002	4.1405971669529329E-001 
1480	7.2758923521699877E+006	2.7065868901984050E+001	-4.9341310980159498E+000	0.0000000000000000E+000	3.8790441765610573E+000	5.8494100206420878E+000	2.6898754936515554E+000	4.9056034001925541E-001	2.5528413822183356E-002	4.1405971669528308E-001 
1485	7.2758923521699877E+006	2.7065868901984050E+001	-4.9341310980159498E+000	0.0000000000000000E+000	3.8790441850139423E+000	5.8494108116363366E+000	2.6898758722429101E+000	4.9055958283654649E-001	2.5976859772457176E-002	4.1405971669527963E-001 
1490	7.2758923521699877E+006	2.7065868901984050E+001	-4.9341310980159498E+000	0.0000000000000000E+000	3.8790441446595936E+000	5.8494105923777662E+000	2.6898758433223233E+000	4.9055964067771957E-001	2.6058847853516507E-002	4.1405971669527902E-001 
1495	7.2758923521699877E+006	2.7065868901984050E+001	-4.9341310980159498E+000	0.0000000000000000E+000	3.8790441464730443E+000	5.8494102590652810E+000	2.6898756730391775E+000	4.9055998124401112E-001	2.6151767512839898E-002	4.1405971669527830E-001 
1500	7.2758923521699877E+006	2.7065868901984050E+001	-4.9341310980159498E+000	0.0000000000000000E+000	3.8790441499405599E+000	5.8494107153273527E+000	2.6898758942351830E+000	4.9055953885199999E-001	2.6302397264906449E-002	4.1405971669527708E-001 
1505	7.2758923521699877E+006	2.7065868901984050E+001	-4.9341310980159498E+000	0.0000000000000000E+000	3.8790441202340959E+000	5.8494104005935972E+000	2.6898757962812323E+000	4.9055973475990172E-001	2.6357493275307120E-002	4.1405971669527680E-001 
1510	7.2758923521699877E+006	2.7065868901984050E+001	-4.9341310980159498E+000	0.0000000000000000E+000	3.8790442045213109E+000	5.8494107419522532E+000	2.6898757983861308E+000	4.9055973055010466E-001	2.6431720263035745E-002	4.1405971669527619E-001 
1515	7.2758923521699877E+006	2.7065868901984050E+001	-4.9341310980159498E+000	0.0000000000000000E+000	3.8790441462655032E+000	5.8494105036714101E+000	2.6898757957573247E+000	4.9055973580771683E-001	2.6550595386386568E-002	4.1405971669527530E-001 
1520	7.2758923521699877E+006	2.7065868901984050E+001	-4.9341310980159498E+000	0.0000000000000000E+000	3.8790441373374169E+000	5.8494109705935058E+000	2.6898760470745446E+000	4.9055923317327710E-001	2.6742394097220252E-002	4.1405971669527392E-001 
1525	7.2758923521699877E+006	2.7065868901984050E+001	-4.9341310980159498E+000	0.0000000000000000E+000	3.8790441533109368E+000	5.8494111985783750E+000	2.6898761291199405E+000	4.9055906908248526E-001	2.7071615737002182E-002	4.1405971669527170E-001 
1530	7.2758923521699877E+006	2.7065868901984050E+001	-4.9341310980159498E+000	0.0000000000000000E+000	3.8790441293610378E+000	5.8494116059399568E+000	2.6898763807005284E+000	4.9055856592130997E-001	2.7449845166554406E-002	4.1405971669526931E-001 
1535	7.2758923521699877E+006	2.7065868901984050E+001	-4.9341310980159498E+000	0.0000000000000000E+000	3.8790441509794746E+000	5.8494117733775362E+000	2.6898764211824462E+000	4.9055848495747434E-001	2.7634099315254644E-002	4.1405971669526820E-001 
1540	7.2758923521699877E+006	2.7065868901984050E+001	-4.9341310980159498E+000	0.0000000000000000E+000	3.8790440892065101E+000	5.8494117578411773E+000	2.6898765369601940E+000	4.9055825340197812E-001	2.7915126718343411E-002	4.1405971669526637E-001 
1545	7.2758923521699877E+006	2.7065868901984050E+001	-4.9341310980159498E+000	0.0000000000000000E+000	3.8790440996281945E+000	5.8494119046990489E+000	2.6898765895457624E+000	4.9055814823084160E-001	2.8016526808178451E-002	4.1405971669526570E-001 
1550	7.2758923521699877E+006	2.7065868901984050E+001	-4.9341310980159498E+000	0.0000000000000000E+000	3.8790441125869743E+000	5.8494117806601862E+000	2.6898765016087718E+000	4.9055832410482325E-001	2.8157700671028262E-002	4.1405971669526481E-001 
1555	7.2758923521699877E+006	2.7065868901984050E+001	-4.9341310980159498E+000	0.0000000000000000E+000	3.8790441247974208E+000	5.8494120613857987E+000	2.6898766175506839E+000	4.9055809222099894E-001	2.8477907650707103E-002	4.1405971669526348E-001 
1560	7.2758923521699877E+006	2.7065868901984050E+001	-4.9341310980159498E+000	0.0000000000000000E+000	3.8790440356823641E+000	5.8494125980118357E+000	2.6898770640938161E+000	4.9055719913473456E-001	2.9096232565514302E-002	4.1405971669526120E-001 
1565	7.2758923521699877E+006	2.7065868901984050E+001	-4.9341310980159498E+000	0.0000000000000000E+000	3.8790439790705653E+000	5.8494124710728439E+000	2.6898771138479183E+000	4.9055709962652999E-001	2.9828943370862775E-002	4.1405971669525776E-001 
1570	7.2758923521699924E+006	2.7065868901984050E+001	-4.9341310980159498E+000	0.0000000000000000E+000	3.8790438989045080E+000	5.8494131951382382E+000	2.6898776362127292E+000	4.9055605489690784E-001	3.1135644261729972E-002	4.1405971669525210E-001 
1575	7.2758923521699980E+006	2.7065868901984050E+001	-4.9341310980159498E+000	0.0000000000000000E+000	3.8790440030081959E+000	5.8494133795034609E+000	2.6898775201879652E+000	4.9055628694643594E-001	3.3788771895692876E-002	4.1405971669524316E-001 
1580	7.2758923521699989E+006	2.7065868901984050E+001	-4.9341310980159498E+000	0.0000000000000000E+000	3.8790439158993193E+000	5.8494141890233236E+000	2.6898780991656492E+000	4.9055512899106790E-001	3.5114494285268479E-002	4.1405971669523933E-001 
1585	7.2758923521700017E+006	2.7065868901984050E+001	-4.9341310980159498E+000	0.0000000000000000E+000	3.8790438242174945E+000	5.8494138529704696E+000	2.6898781145028718E+000	4.9055509831662281E-001	3.7000160815966528E-002	4.1405971669523439E-001 
1590	7.2758923521700064E+006	2.7065868901984050E+001	-4.9341310980159498E+000	0.0000000000000000E+000	3.8790438823425393E+000	5.8494144732071227E+000	2.6898783083711084E+000	4.9055471058014988E-001	4.0727085434297740E-002	4.1405971669522645E-001 
1593	7.2758923521700092E+006	2.7065868901984050E+001	-4.9341310980159498E+000	0.0000000000000000E+000	3.8790438321708254E+000	5.8494148149737777E+000	2.6898785795978637E+000	4.9055416812663866E-001	4.3969654356293637E-002	4.1405971669522079E-001 
