1	1.2860082304526758E+001	3.6000000000000000E+001	0.0000000000000000E+000	0.0000000000000000E+000	4.6246769431796748E+000	5.2776659986288612E+000	9.1273794940770736E-001	4.1687159553649975E+000	2.6597049748290713E-001	7.2013290255353701E-001 
5	7.8512088477366305E+001	3.5999977327178904E+001	-2.2672821096136886E-005	-3.3036807389936128E-007	4.6100656638757274E+000	5.2449029241116367E+000	9.2557897075699036E-001	4.1430336391474265E+000	2.6597259044682658E-001	7.2013290255353735E-001 
10	2.0495659209104960E+002	3.5999935480610986E+001	-6.4519389013639739E-005	-3.3131062078205524E-007	4.6101622207909028E+000	5.2456119723451096E+000	9.2574038104337486E-001	4.1427103137481138E+000	2.6597636678509351E-001	7.2013290255353724E-001 
15	4.0859672960592280E+002	3.5999867718981548E+001	-1.3228101845186302E-004	-3.3384367262662985E-007	4.6108369591375693E+000	5.2471567980712406E+000	9.2516331721310818E-001	4.1438636239480315E+000	2.6598266970168671E-001	7.2013290255353724E-001 
20	7.3656120747500120E+002	3.5999757224125190E+001	-2.4277587480980856E-004	-3.3902343357209769E-007	4.6126572802867969E+000	5.2500122343326030E+000	9.2295039304533477E-001	4.1482881392959010E+000	2.6599402481974915E-001	7.2013290255353712E-001 
25	1.2647512787279309E+003	3.5999575220907424E+001	-4.2477909257598867E-004	-3.4825895701433481E-007	4.6160308181449183E+000	5.2542167724854956E+000	9.1830558640553761E-001	4.1575755569164397E+000	2.6601708555025422E-001	7.2013290255353668E-001 
30	2.1154066703814869E+003	3.5999272419905154E+001	-7.2758009484630293E-004	-3.6020285549799300E-007	4.6206714823457364E+000	5.2584210813094909E+000	9.1112641241589909E-001	4.1719302519260175E+000	2.6606834604018637E-001	7.2013290255353579E-001 
35	3.4853956851934568E+003	3.5998774862607256E+001	-1.2251373927441023E-003	-3.6272421186390096E-007	4.6241508776311253E+000	5.2565033203608564E+000	9.0320874137080476E-001	4.1877595914537178E+000	2.6617124338854597E-001	7.2013290255353246E-001 
40	5.6917766934382835E+003	3.5997993001830970E+001	-2.0069981690298277E-003	-3.4850008366447941E-007	4.6249373061131251E+000	5.2480067908795203E+000	8.9738761966613778E-001	4.1993924022779279E+000	2.6634936364814138E-001	7.2013290255352091E-001 
45	9.2451753710266621E+003	3.5996783062040244E+001	-3.2169379597561942E-003	-3.3738165988396825E-007	4.6246785332389990E+000	5.2434405502626475E+000	8.9562204510595267E-001	4.2029089539454461E+000	2.6664168129499710E-001	7.2013290255347950E-001 
50	1.4967959475269519E+004	3.5994861861751289E+001	-5.1381382487107885E-003	-3.3530893366073943E-007	4.6243840216654917E+000	5.2430414340086022E+000	8.9601151012594293E-001	4.2021068443633061E+000	2.6711189947517022E-001	7.2013290255331763E-001 
55	2.4184560502993692E+004	3.5991772250881318E+001	-8.2277491186815155E-003	-3.3522339128400033E-007	4.6239758816631991E+000	5.2433473941144193E+000	8.9698077018343714E-001	4.2001310450792211E+000	2.6786501839169974E-001	7.2013290255264806E-001 
60	3.9027988624153761E+004	3.5986794690926324E+001	-1.3205309073676119E-002	-3.3544636403570910E-007	4.6233573263198204E+000	5.2438822930675713E+000	8.9848533034677136E-001	4.1970618589047008E+000	2.6906244095924520E-001	7.2013290254977558E-001 
65	6.2933478047563251E+004	3.5978766401880648E+001	-2.1233598119351882E-002	-3.3612741457830457E-007	4.6225026967777039E+000	5.2447705486075913E+000	9.0063871720101341E-001	4.1926581876915447E+000	2.7095975709413833E-001	7.2013290253714046E-001 
70	1.0143350781885850E+005	3.5965790461311073E+001	-3.4209538688926955E-002	-3.3769333207639842E-007	4.6213569853705296E+000	5.2462490862170430E+000	9.0366940882008828E-001	4.1864401455011775E+000	2.7395480624445706E-001	7.2013290247984463E-001 
75	1.6343819076582725E+005	3.5944734326067426E+001	-5.5265673932574089E-002	-3.4093490729631784E-007	4.6199253576029093E+000	5.2487310790803487E+000	9.0777366078698185E-001	4.1779773098507214E+000	2.7865231519367573E-001	7.2013290190197454E-001 
80	2.6329735269874992E+005	3.5910315851080831E+001	-8.9684148919168649E-002	-3.4730959509040480E-007	4.6181862224921266E+000	5.2528856942071105E+000	9.1332923857192883E-001	4.1664501012722059E+000	2.8601484314078884E-001	7.2013281408962615E-001 
85	4.2412153158334125E+005	3.5853357243173349E+001	-1.4664275682665107E-001	-3.5887368250509385E-007	4.6162181975145371E+000	5.2598326438178296E+000	9.2073876333246829E-001	4.1509416552016232E+000	2.9760393633187893E-001	7.2012640080417389E-001 
90	6.8313047991876455E+005	3.5757185449880311E+001	-2.4281455011968944E-001	-3.7990326129057437E-007	4.6140989305054347E+000	5.2715461494415372E+000	9.3083405016252463E-001	4.1295845799990971E+000	3.1580804571813553E-001	7.1996938949801348E-001 
95	1.1002669813024472E+006	3.5588953105642780E+001	-4.1104689435722008E-001	-4.1966948965879247E-007	4.6120722731084252E+000	5.2914792435902678E+000	9.4485391203091029E-001	4.0994967422180437E+000	3.4463321847653483E-001	7.1832561004617335E-001 
100	1.7720694881458820E+006	3.5275678615376449E+001	-7.2432138462355056E-001	-4.9959933045090831E-007	4.6107609614618124E+000	5.3258405404042657E+000	9.6465718373113463E-001	4.0560503631916562E+000	3.9223420919066893E-001	7.0895734368409280E-001 
105	2.8540141434423034E+006	3.4622807604567420E+001	-1.3771923954325800E+000	-6.8218388228184935E-007	4.6125975419351652E+000	5.3875951970057985E+000	9.9186135108519458E-001	3.9935289336651647E+000	4.7529465749022842E-001	6.7348962316504413E-001 
110	4.4962272957420526E+006	3.3048790657171168E+001	-2.9512093428288324E+000	-1.1808714121716320E-006	4.6009660199017004E+000	5.4929202098162300E+000	1.0677869015573398E+000	3.8214711224248967E+000	6.7098551650801930E-001	5.8602063304460961E-001 
115	5.6138712488766043E+006	3.1324323704468426E+001	-4.6756762955315736E+000	-1.7335391110616061E-006	4.5196738091810191E+000	5.5889609181589472E+000	1.2783916771700607E+000	3.3769877023756445E+000	8.8424484683264126E-001	5.5251157204364376E-001 
120	5.9773337576776808E+006	3.0714944831247220E+001	-5.2850551687527805E+000	-1.5726852768157071E-006	4.4676371264076264E+000	5.6337560450739836E+000	1.4048626061743652E+000	3.1155138806611644E+000	9.7966409576360547E-001	5.4591287007295819E-001 
122	5.9988837090015505E+006	3.0672740258591528E+001	-5.3272597414084721E+000	-2.7805278761143505E-006	4.4986071489238384E+000	5.6439667662327535E+000	1.3480279217213267E+000	3.2285860869318852E+000	9.8601777635697430E-001	5.4563018547581710E-001 
124	6.0015435887078112E+006	3.0665353002587526E+001	-5.3346469974124737E+000	-3.0037297781486534E-006	4.5264515356032620E+000	5.6590475192139849E+000	1.2998795248530961E+000	3.3247782721171548E+000	9.8662833328254562E-001	5.4559522993549625E-001 
125	6.0017012112089228E+006	3.0664866341832347E+001	-5.3351336581676527E+000	-3.0875081397225010E-006	4.5297465204888772E+000	5.6615542176699822E+000	1.2945429043098629E+000	3.3354446208727997E+000	9.8664033442422894E-001	5.4559364811289568E-001 
130	6.0022046140457476E+006	3.0663135441058778E+001	-5.3368645589412225E+000	-3.7089937973446143E-006	4.5324188446474736E+000	5.6689913719236893E+000	1.2929168331195229E+000	3.3386722484924234E+000	9.8664636518830384E-001	5.4558869035269630E-001 
135	6.0028832274235450E+006	3.0660487666525416E+001	-5.3395123334745840E+000	-3.9974081282859116E-006	4.5459832151179427E+000	5.6727077841355849E+000	1.2676462982845331E+000	3.3891758150335396E+000	9.8664636762931890E-001	5.4558116842279103E-001 
140	6.0039761410546200E+006	3.0656242527150138E+001	-5.3437574728498625E+000	-3.8054940003735509E-006	4.5145577111965274E+000	5.6779139936419663E+000	1.3331004108805544E+000	3.2582074548472559E+000	9.8664636762289148E-001	5.4556621378262238E-001 
145	6.0055380471616797E+006	3.0651177442713415E+001	-5.3488225572865851E+000	-2.7645380079384162E-006	4.4276720161346290E+000	5.7011568708729143E+000	1.5184932396198252E+000	2.8873500364553593E+000	9.8664636484812773E-001	5.4553345466823355E-001 
150	6.0068237815583721E+006	3.0629812760329933E+001	-5.3701872396700665E+000	-4.4612469988044128E-005	4.3197299428278386E+000	5.7166950399971048E+000	1.7421464707955008E+000	2.4397407537999642E+000	9.8664585537127969E-001	5.4548508413449404E-001 
155	6.0079911756140916E+006	3.0546022399511088E+001	-5.4539776004889120E+000	-9.5621541304409958E-005	4.2501729609124883E+000	5.7251666686783933E+000	1.8854962489668465E+000	2.1518515213702791E+000	9.8660330772484550E-001	5.4537356048459429E-001 
160	6.0090141191760348E+006	3.0460074570671360E+001	-5.5399254293286404E+000	-7.6913570356387825E-005	4.1482088636598959E+000	5.7332948399355796E+000	2.0934885291006249E+000	1.7346432574289523E+000	9.8621827590311140E-001	5.4520916846331513E-001 
165	6.0099345728757372E+006	3.0428143264681442E+001	-5.5718567353185584E+000	-1.3361255615707142E-006	3.8864709307580263E+000	5.7303580668197904E+000	2.6154960083464700E+000	6.9017278909461333E-001	9.8558300519324771E-001	5.4510686370337091E-001 
170	6.0103803116846839E+006	3.0428090385477063E+001	-5.5719096145229372E+000	-1.1851062270751754E-007	3.8892778078235604E+000	5.7446195996082068E+000	2.6170130206096087E+000	6.8713800983393003E-001	9.8524993551802398E-001	5.4499940585316431E-001 
175	6.0110962426753324E+006	3.0428005105105999E+001	-5.5719948948940008E+000	-1.2168095949433833E-007	3.8894907190372825E+000	5.7506160007843103E+000	2.6195853987702162E+000	6.8199203632011385E-001	9.8468848691907407E-001	5.4488543149311675E-001 
180	6.0122492566950815E+006	3.0427672028352962E+001	-5.5723279716470380E+000	-6.1301451563143059E-007	3.8875237353427758E+000	5.7572548761050450E+000	2.6268388038195982E+000	6.6748047223938145E-001	9.8372615385321827E-001	5.4464214024366109E-001 
182	6.0128879973019166E+006	3.0426982352943348E+001	-5.5730176470566519E+000	-1.0841929670178109E-006	3.8867450999135946E+000	5.7595067902094792E+000	2.6295220317301760E+000	6.6210417256231147E-001	9.8325157990342571E-001	5.4450919073164317E-001 
185	6.0141061973040299E+006	3.0425640866792211E+001	-5.5743591332077891E+000	-1.1081396572147999E-006	3.8857020646167442E+000	5.7613028704501090E+000	2.6325061424441936E+000	6.5611680323227173E-001	9.8215448931086879E-001	5.4424665092101399E-001 
185	6.0136674656184288E+006	3.0426127042771903E+001	-5.5738729572280974E+000	-1.1081396572147999E-006	3.8326211282692659E+000	5.6742266972719833E+000	2.6951299285500867E+000	5.3087617062314540E-001	9.8257787704059407E-001	5.4429485358395202E-001 
190	6.0137024701061267E+006	3.0426045316992020E+001	-5.5739546830079796E+000	-2.2120155162495479E-006	3.8473722398450794E+000	5.7670646825877050E+000	2.7120466980563203E+000	4.9704146507696634E-001	9.8254759091230492E-001	5.4401724191213952E-001 
195	6.0137560374413505E+006	3.0425938335099644E+001	-5.5740616649003556E+000	-1.4309302425906432E-006	3.8743464300642367E+000	5.7669838155612103E+000	2.6580578841047586E+000	6.0501756594209588E-001	9.8250056255313678E-001	5.4400753789630707E-001 
200	6.0138423081703996E+006	3.0425830314732597E+001	-5.5741696852674032E+000	-1.1988132475135791E-006	3.8821187137320328E+000	5.7630371949374846E+000	2.6405400064573032E+000	6.4005177937058655E-001	9.8242273668453017E-001	5.4400753777447486E-001 
205	6.0139812480422426E+006	3.0425670769838703E+001	-5.5743292301612968E+000	-1.1268700648044839E-006	3.8856308058758291E+000	5.7622845121141033E+000	2.6331394807580200E+000	6.5485055343939813E-001	9.8229362511453100E-001	5.4400753777447475E-001 
210	6.0142050120952418E+006	3.0425387589718607E+001	-5.5746124102813930E+000	-1.2586122363097765E-006	3.8788171456915950E+000	5.7619427961732299E+000	2.6465959431560515E+000	6.2793358652584774E-001	9.8207882497382393E-001	5.4400744547859958E-001 
215	6.0145653863402372E+006	3.0424956122240239E+001	-5.5750438777597608E+000	-1.1782735026278120E-006	3.8819858120955848E+000	5.7613883282697911E+000	2.6399813763963529E+000	6.4115656119934394E-001	9.8168170120464804E-001	5.4399736203378168E-001 
220	6.0151457726655481E+006	3.0424249777551562E+001	-5.5757502224484377E+000	-1.2644925565626567E-006	3.8745237483575279E+000	5.7592300581474811E+000	2.6538263688113104E+000	6.1345649368729382E-001	9.8070973189560329E-001	5.4382571023856385E-001 
225	6.0160804906463241E+006	3.0422375504560762E+001	-5.5776244954392382E+000	-1.9039963595120506E-006	3.8368243237061121E+000	5.7565336879011975E+000	2.7278770329910005E+000	4.6532840997660369E-001	9.7835053430612973E-001	5.4325575035659979E-001 
230	6.0175858633015398E+006	3.0417532067776595E+001	-5.5824679322234054E+000	-4.1206497338767044E-006	3.7847823545491073E+000	5.7604476422744524E+000	2.8339179484916373E+000	2.5317743101119961E-001	9.7442583401805227E-001	5.4186010466543666E-001 
232	6.0184198016811572E+006	3.0413285223435448E+001	-5.5867147765645520E+000	-5.3511128357865603E-006	3.7709299946732120E+000	5.7632135422340776E+000	2.8630056182232417E+000	1.9494145185423034E-001	9.7201982063979653E-001	5.4118783779859203E-001 
235	6.0200102810164923E+006	3.0403123116077534E+001	-5.5968768839224659E+000	-6.7858815429260923E-006	3.7586822296680786E+000	5.7661771985732884E+000	2.8889829764031134E+000	1.4284159876867195E-001	9.6783208552866140E-001	5.4045483813537243E-001 
240	6.0239148299906021E+006	3.0400033405203857E+001	-5.5999665947961432E+000	-8.2384055917157776E-007	3.7503055275809900E+000	5.7680457119726976E+000	2.9066706372769961E+000	1.0742213969445638E-001	9.5671224661267917E-001	5.3977290691594282E-001 
245	6.0302031451588944E+006	3.0394674637007853E+001	-5.6053253629921471E+000	-8.6957001343459891E-007	3.7463731611098834E+000	5.7688541367593622E+000	2.9149395826125404E+000	9.0807686982417327E-002	9.3865990639628472E-001	5.3933652929569309E-001 
250	6.0403305396205802E+006	3.0385643803577626E+001	-5.6143561964223743E+000	-9.0345878963044368E-007	3.7439577060744953E+000	5.7700451845320906E+000	2.9203660165696812E+000	7.9825762779678858E-002	9.1042478301483187E-001	5.3900255697321864E-001 
255	6.0566408096750723E+006	3.0370451358705527E+001	-5.6295486412944733E+000	-9.4667615740678343E-007	3.7411552413248135E+000	5.7718355231313483E+000	2.9268661153686741E+000	6.6608369027316455E-002	8.6456303181460914E-001	5.3839656231897381E-001 
260	6.0734554958282951E+006	3.0354194632651513E+001	-5.6458053673484869E+000	-9.8031947663454042E-007	3.7391629570984515E+000	5.7737303484912408E+000	2.9317980965013430E+000	5.6511874930051456E-002	8.1801476439733500E-001	5.3762761102471335E-001 
261	6.0761717755597420E+006	3.0351516337761463E+001	-5.6484836622385366E+000	-9.8601585802871388E-007	3.7387360020536908E+000	5.7740733381450076E+000	2.9328235014177491E+000	5.4422743539883044E-002	8.1045357304631727E-001	5.3753052573464710E-001 
265	6.0866027692513317E+006	3.0341082065464587E+001	-5.6589179345354133E+000	-1.0031895650064535E-006	3.7380914335266198E+000	5.7752482797299702E+000	2.9347001092643716E+000	5.0520200019354533E-002	7.8191403623626343E-001	5.3711564961062197E-001 
270	6.0988166396032711E+006	3.0328701793471481E+001	-5.6712982065285189E+000	-1.0230274594081652E-006	3.7367703545539492E+000	5.7765988606582148E+000	2.9380175576738354E+000	4.3708058992727367E-002	7.4972733946705028E-001	5.3649451384207436E-001 
275	6.1115417667835187E+006	3.0315463874445975E+001	-5.6845361255540254E+000	-1.0541139567629376E-006	3.7349853162190949E+000	5.7780140028145466E+000	2.9422952054217104E+000	3.4963160582578014E-002	7.1329079583501531E-001	5.3565192623727842E-001 
280	6.1253377392508611E+006	3.0300720622008864E+001	-5.6992793779911359E+000	-1.0780604746504263E-006	3.7335589955260873E+000	5.7795795856884329E+000	2.9459306382446675E+000	2.7481034087496563E-002	6.7925991901935445E-001	5.3494428964076701E-001 
285	6.1393260369616067E+006	3.0285333021834216E+001	-5.7146669781657842E+000	-1.1177246797935388E-006	3.7310042449803391E+000	5.7810974650015279E+000	2.9517990789927122E+000	1.5523549017239855E-002	6.4315382400559140E-001	5.3388960983323008E-001 
290	6.1537777418382494E+006	3.0269071547131716E+001	-5.7309284528682838E+000	-1.1273655032684282E-006	3.7306482052638446E+000	5.7827101238535157E+000	2.9533174878516952E+000	1.2253477617697607E-002	6.0306822001030125E-001	5.3293696023813342E-001 
295	6.1678011286826273E+006	3.0252939592008502E+001	-5.7470604079914978E+000	-1.1644001263290783E-006	3.7288152666516599E+000	5.7842785696809109E+000	2.9577675879897622E+000	3.1217576307547628E-003	5.7003419674641431E-001	5.3162879753226544E-001 
300	6.1828631017819215E+006	3.0235095909188381E+001	-5.7649040908116191E+000	-1.2031735831602548E-006	3.7270091158651293E+000	5.7859785529358838E+000	2.9622298811903094E+000	-6.0590583914927670E-003	5.3362578711947650E-001	5.3065227777945834E-001 
305	6.1975075408706246E+006	3.0217295724388986E+001	-5.7827042756110139E+000	-1.2251698728664310E-006	3.7259315408045910E+000	5.7876631161700018E+000	2.9652273129284441E+000	-1.2309677580638487E-002	4.9810590018575462E-001	5.2963533909288596E-001 
310	6.2122596178241167E+006	3.0198996649012582E+001	-5.8010033509874184E+000	-1.2502630147094917E-006	3.7246939806981407E+000	5.7893328004692375E+000	2.9685372752909638E+000	-1.9192683252578439E-002	4.6354864553325159E-001	5.2832328304536957E-001 
315	6.2276601919854376E+006	3.0179561184677365E+001	-5.8204388153226354E+000	-1.2746209566127884E-006	3.7235984188035474E+000	5.7911348703248668E+000	2.9716294340079652E+000	-2.5656593823893126E-002	4.2621147550711130E-001	5.2701003631602727E-001 
320	6.2436442993716970E+006	3.0158890271740706E+001	-5.8411097282592941E+000	-1.3086787181493640E-006	3.7222919943000226E+000	5.7929912679552613E+000	2.9751704818302120E+000	-3.3036253080273068E-002	3.8886508609367021E-001	5.2549957706537509E-001 
325	6.2599999080135534E+006	3.0137288420134070E+001	-5.8627115798659304E+000	-1.3344209856830280E-006	3.7207902053803874E+000	5.7949028649496563E+000	2.9791298581666790E+000	-4.1266188503310743E-002	3.5537218411991384E-001	5.2409097594775489E-001 
330	6.2762920974786235E+006	3.0115335674977306E+001	-5.8846643250226940E+000	-1.3518964256146261E-006	3.7204920405946682E+000	5.7969142504665925E+000	2.9807318804965868E+000	-4.4786699263955669E-002	3.1786624609335035E-001	5.2240845020794546E-001 
335	6.2934822120976504E+006	3.0092085439575527E+001	-5.9079145604244729E+000	-1.3438027612475881E-006	3.7219951458736706E+000	5.7991112164829657E+000	2.9788241529467676E+000	-4.1306666251925674E-002	2.8289942475027241E-001	5.2072297326782579E-001 
340	6.3100484847592767E+006	3.0070702218483707E+001	-5.9292977815162935E+000	-1.2426644950062035E-006	3.7289794760671100E+000	5.8012708229013823E+000	2.9659352957690968E+000	-1.5837668153860139E-002	2.5126735218995444E-001	5.1850343533203613E-001 
345	6.3278000013040900E+006	3.0050745403139839E+001	-5.9492545968601611E+000	-1.0356014460416912E-006	3.7433647048988936E+000	5.8037729124092241E+000	2.9384158828594509E+000	3.8912836760283363E-002	2.1901448937213297E-001	5.1621399238105636E-001 
350	6.3456620657157740E+006	3.0034356139563904E+001	-5.9656438604360957E+000	-8.4112435782376774E-007	3.7596556936523315E+000	5.8062963099441296E+000	2.9070956041200287E+000	1.0131647138380231E-001	1.8700979267070006E-001	5.1402917260533010E-001 
355	6.3647007385274330E+006	3.0017272204929320E+001	-5.9827277950706801E+000	-1.4567283674842465E-006	3.7751499765781644E+000	5.8090892968020675E+000	2.8775035316973305E+000	1.6025351356285295E-001	1.5647491409366138E-001	5.1142261895974139E-001 
360	6.3844197873516409E+006	2.9910843688789392E+001	-6.0891563112106084E+000	-5.9591290791765212E-006	3.7787047050053642E+000	5.8109491511493072E+000	2.8713240020165527E+000	1.7107001263594546E-001	1.2520963027599319E-001	4.9523776551669119E-001 
365	6.4050107830367060E+006	2.9789296666827973E+001	-6.2107033331720274E+000	-5.8900418863045363E-006	3.7789490706328768E+000	5.8136828121729458E+000	2.8722021012733454E+000	1.6754540039495719E-001	9.9886959786665494E-002	4.9244521731561158E-001 
370	6.4254297131754579E+006	2.9668339024849931E+001	-6.3316609751500685E+000	-5.8704126105225528E-006	3.7818967925632436E+000	5.8166892718228649E+000	2.8678098872375712E+000	1.7456281205852350E-001	7.3173850934907803E-002	4.8938997034907555E-001 
375	6.4432331884579239E+006	2.9564577876350796E+001	-6.4354221236492037E+000	-5.9487500588238433E-006	3.7798460220507208E+000	5.8192968427925971E+000	2.8732152137474829E+000	1.6223060843203221E-001	5.6180451111085279E-002	4.8628801282883616E-001 
380	6.4594673930969629E+006	2.9465972180939232E+001	-6.5340278190607677E+000	-6.1804174489136876E-006	3.7783123045019034E+000	5.8216977215615513E+000	2.8774830882295954E+000	1.5224395144847019E-001	3.6434046003790778E-002	4.8073247364316929E-001 
385	6.4742802448811280E+006	2.9374845628577365E+001	-6.6251543714226351E+000	-6.3001727015144559E-006	3.7758341861705782E+000	5.8243123104292547E+000	2.8837466193260979E+000	1.3837170773150775E-001	1.9792819333621921E-002	4.7366092183649450E-001 
390	6.4835869264811613E+006	2.9314140060765496E+001	-6.6858599392345042E+000	-6.5865495452706143E-006	3.7740322644896835E+000	5.8252926431534959E+000	2.8878406290500069E+000	1.2928525385977929E-001	6.9068727558317953E-003	4.6196819510328674E-001 
395	6.4866869987429883E+006	2.9293212429282772E+001	-6.7067875707172284E+000	-6.9628140884401233E-006	3.7709628399273347E+000	5.8265483164419356E+000	2.8946073148189249E+000	1.1544172481192455E-001	2.6045988087864741E-003	4.5637399472879930E-001 
400	6.4893090251668263E+006	2.9287211695676547E+001	-6.7127883043234533E+000	-7.2183534108177669E-007	3.7689369229926393E+000	5.8251865544662200E+000	2.8979782677004580E+000	1.0861084442839154E-001	0.0000000000000000E+000	4.4783935474668096E-001 
405	6.4902290279153837E+006	2.9286536078235422E+001	-6.7134639217645784E+000	-7.2504511929152209E-007	3.7748960806163896E+000	5.8279194979039950E+000	2.8874264241718444E+000	1.2970451276775485E-001	4.9229077237345711E-017	4.3856067644486801E-001 
410	6.4912059379071258E+006	2.9284016148826371E+001	-6.7159838511736289E+000	-3.9373764727132483E-006	3.8233164777925324E+000	5.8405130831550842E+000	2.7968824224451034E+000	3.1075514619837763E-001	2.5745888815994146E-016	4.2588415502940319E-001 
415	6.4919931854692241E+006	2.9281600366044138E+001	-6.7183996339558618E+000	-3.6696302767306588E-006	3.8695938387514848E+000	5.8486218377856254E+000	2.7083820778424701E+000	4.8772000683408950E-001	9.9415153955340682E-016	4.0498392272725031E-001 
420	6.4926229437880637E+006	2.9279716690623733E+001	-6.7202833093762671E+000	-2.5937026825985597E-006	3.8758763587070253E+000	5.8703597151027669E+000	2.7066859765899602E+000	4.9108427042372405E-001	3.2107846543163227E-015	4.0401610592934373E-001 
425	6.4931947946125567E+006	2.9278452477132813E+001	-6.7215475228671870E+000	-2.0304106879871038E-006	3.8787483287591931E+000	5.8775829729201350E+000	2.7045536653943083E+000	4.9533014083043009E-001	1.0868301335848397E-014	4.0319775318699541E-001 
430	6.4934818931506621E+006	2.9277884002594966E+001	-6.7221159974050337E+000	-1.6464325844742750E-006	3.8813868613496405E+000	5.8705632794499412E+000	2.6957667534783165E+000	5.1289553225800710E-001	2.4067828861713212E-014	4.0258473265907391E-001 
435	6.4936541117132185E+006	2.9277621927746488E+001	-6.7223780722535125E+000	-1.5029762320391251E-006	3.8828947360405661E+000	5.8669943789416656E+000	2.6909665538423280E+000	5.2249204401646243E-001	4.8851825446049794E-014	4.0193083372744820E-001 
440	6.4938485053329431E+006	2.9277331937653106E+001	-6.7226680623468944E+000	-1.4692474523064042E-006	3.8843764213264249E+000	5.8595186002508992E+000	2.6842652939252258E+000	5.3589026221300651E-001	6.6050192212390105E-013	4.0127266459099264E-001 
445	6.4938637344861692E+006	2.9277310089961734E+001	-6.7226899100382660E+000	-1.4323486545280648E-006	3.8849408293508456E+000	5.8578041266600787E+000	2.6822792410809750E+000	5.3986204381680791E-001	2.8776356102725049E-012	4.0117325599137782E-001 
450	6.4938681711341664E+006	2.9277303845789362E+001	-6.7226961542106380E+000	-1.3088821464011342E-006	3.8852002344186931E+000	5.8574661420469178E+000	2.6815914386386996E+000	5.4123755607639146E-001	4.0789533906361278E-013	4.0112349623813159E-001 
455	6.4938686534382775E+006	2.9277303288114407E+001	-6.7226967118855931E+000	-8.2950108880245634E-007	3.8848860050169280E+000	5.8619412653400040E+000	2.6844574590887733E+000	5.3550550690378973E-001	7.3786459987185340E-012	4.0111823376512484E-001 
460	6.4938686919753179E+006	2.9277303267562367E+001	-6.7226967324376332E+000	0.0000000000000000E+000	3.8838674031608003E+000	5.8720937733141847E+000	2.6915709167881192E+000	5.2127859120023190E-001	2.0081373172368906E-010	4.0111782438272126E-001 
465	6.4938686952265780E+006	2.9277303267562367E+001	-6.7226967324376332E+000	0.0000000000000000E+000	3.8832231306060829E+000	5.8782961139373855E+000	2.6959606322091534E+000	5.1249916035816423E-001	4.2610225795592632E-010	4.0111777980186625E-001 
470	6.4938686995073557E+006	2.9277303267562367E+001	-6.7226967324376332E+000	0.0000000000000000E+000	3.8829118005615810E+000	5.8821404169852523E+000	2.6985054438220906E+000	5.0740953713228953E-001	4.8534107513242214E-010	4.0111771937928320E-001 
475	6.4938687027254542E+006	2.9277303267562367E+001	-6.7226967324376332E+000	0.0000000000000000E+000	3.8827649819949737E+000	5.8837586237431543E+000	2.6996081843342559E+000	5.0520405610795882E-001	4.6464085838716548E-010	4.0111767586924929E-001 
480	6.4938687067172211E+006	2.9277303267562367E+001	-6.7226967324376332E+000	0.0000000000000000E+000	3.8826554930913670E+000	5.8849549108165293E+000	2.7004253056781562E+000	5.0356981342015850E-001	4.8299690302510324E-010	4.0111762218539432E-001 
485	6.4938687101974841E+006	2.9277303267562367E+001	-6.7226967324376332E+000	0.0000000000000000E+000	3.8825950318842763E+000	5.8855904217422150E+000	2.7008639835551804E+000	5.0269245766610982E-001	6.2813409285770522E-010	4.0111757641156898E-001 
490	6.4938687120968951E+006	2.9277303267562367E+001	-6.7226967324376332E+000	0.0000000000000000E+000	3.8825547406523455E+000	5.8859709183966968E+000	2.7011348143462843E+000	5.0215079608390167E-001	7.3751591148401830E-010	4.0111755192549137E-001 
495	6.4938687137188939E+006	2.9277303267562367E+001	-6.7226967324376332E+000	0.0000000000000000E+000	3.8824574785411632E+000	5.8868757535720260E+000	2.7017817561563122E+000	5.0085691246384645E-001	9.5862064003353814E-010	4.0111753101690811E-001 
500	6.4938687157315817E+006	2.9277303267562367E+001	-6.7226967324376332E+000	0.0000000000000000E+000	3.8823147117047285E+000	5.8881969156753193E+000	2.7027278708808296E+000	4.9896468301481128E-001	1.3366736201965907E-009	4.0111750433266091E-001 
505	6.4938687169919880E+006	2.9277303267562367E+001	-6.7226967324376332E+000	0.0000000000000000E+000	3.8822734951629991E+000	5.8885628260787062E+000	2.7029932591659809E+000	4.9843390644450875E-001	2.2901606647721931E-009	4.0111748744212755E-001 
510	6.4938687180775544E+006	2.9277303267562367E+001	-6.7226967324376332E+000	0.0000000000000000E+000	3.8822468401425607E+000	5.8888193436658502E+000	2.7031748280004293E+000	4.9807076877561252E-001	4.8134490259403127E-009	4.0111747304775158E-001 
515	6.4938687190351961E+006	2.9277303267562367E+001	-6.7226967324376332E+000	0.0000000000000000E+000	3.8822248368237342E+000	5.8888558340868400E+000	2.7032370798485776E+000	4.9794626507931500E-001	1.7496029428940468E-008	4.0111746041957763E-001 
520	6.4938687195809688E+006	2.9277303267562367E+001	-6.7226967324376332E+000	0.0000000000000000E+000	3.8822281688331821E+000	5.8888210014358231E+000	2.7032129995041743E+000	4.9799442576812242E-001	9.9177823122212186E-008	4.0111745274449817E-001 
525	6.4938687196184462E+006	2.9277303267562367E+001	-6.7226967324376332E+000	0.0000000000000000E+000	3.8821856620183142E+000	5.8892431158669503E+000	2.7035090703494733E+000	4.9740228407752440E-001	1.1650124760392868E-007	4.0111745221128364E-001 
530	6.4938687196603902E+006	2.9277303267562367E+001	-6.7226967324376332E+000	0.0000000000000000E+000	3.8821451370364986E+000	5.8895405312770865E+000	2.7037388280181718E+000	4.9694276874012705E-001	1.3913124110972619E-007	4.0111745160757678E-001 
535	6.4938687197279446E+006	2.9277303267562367E+001	-6.7226967324376332E+000	0.0000000000000000E+000	3.8821144130236847E+000	5.8898354928128827E+000	2.7039477568116981E+000	4.9652491115307434E-001	1.8702728602700601E-007	4.0111745062935300E-001 
540	6.4938687198321326E+006	2.9277303267562367E+001	-6.7226967324376332E+000	0.0000000000000000E+000	3.8820845600936118E+000	5.8900959294507471E+000	2.7041376809907756E+000	4.9614506279491932E-001	2.9342083057278039E-007	4.0111744912941344E-001 
545	6.4938687199179642E+006	2.9277303267562367E+001	-6.7226967324376332E+000	0.0000000000000000E+000	3.8820720240246307E+000	5.8902092945656985E+000	2.7042194356862148E+000	4.9598155340404060E-001	4.1089139337882815E-007	4.0111744790236931E-001 
550	6.4938687199833887E+006	2.9277303267562367E+001	-6.7226967324376332E+000	0.0000000000000000E+000	3.8820630437168262E+000	5.8902772004979020E+000	2.7042713492679256E+000	4.9587772624061932E-001	5.2111325974988007E-007	4.0111744697362922E-001 
555	6.4938687200413719E+006	2.9277303267562367E+001	-6.7226967324376332E+000	0.0000000000000000E+000	3.8820531637574791E+000	5.8903566758612040E+000	2.7043308468682703E+000	4.9575873103992990E-001	6.1284019166142757E-007	4.0111744615374517E-001 
560	6.4938687200855669E+006	2.9277303267562367E+001	-6.7226967324376332E+000	0.0000000000000000E+000	3.8820358768932222E+000	5.8905161336698733E+000	2.7044451495011188E+000	4.9553012577423294E-001	6.6854505376654405E-007	4.0111744553035950E-001 
565	6.4938687201330094E+006	2.9277303267562367E+001	-6.7226967324376332E+000	0.0000000000000000E+000	3.8820144497065798E+000	5.8907140634828652E+000	2.7045869687808990E+000	4.9524648721467274E-001	7.3396495959025992E-007	4.0111744486044898E-001 
570	6.4938687201586142E+006	2.9277303267562367E+001	-6.7226967324376332E+000	0.0000000000000000E+000	3.8820050859189243E+000	5.8908009502501262E+000	2.7046491397398404E+000	4.9512214529678994E-001	7.6192471081722694E-007	4.0111744449917747E-001 
575	6.4938687201767229E+006	2.9277303267562367E+001	-6.7226967324376332E+000	0.0000000000000000E+000	3.8819983644324916E+000	5.8908629397214227E+000	2.7046935774483543E+000	4.9503326987976248E-001	7.8199675941708250E-007	4.0111744424369333E-001 
580	6.4938687201945400E+006	2.9277303267562367E+001	-6.7226967324376332E+000	0.0000000000000000E+000	3.8819919464106851E+000	5.8909212946785168E+000	2.7047355909705151E+000	4.9494924283544056E-001	7.9754453467337697E-007	4.0111744399237254E-001 
585	6.4938687202104339E+006	2.9277303267562367E+001	-6.7226967324376332E+000	0.0000000000000000E+000	3.8819865420506101E+000	5.8909718161339963E+000	2.7047716604184040E+000	4.9487710393966267E-001	8.0979633614907188E-007	4.0111744376798691E-001 
590	6.4938687202264676E+006	2.9277303267562367E+001	-6.7226967324376332E+000	0.0000000000000000E+000	3.8819807674697984E+000	5.8910263068981603E+000	2.7048104549621104E+000	4.9479951485224993E-001	8.1725652327083004E-007	4.0111744354196605E-001 
595	6.4938687202437697E+006	2.9277303267562367E+001	-6.7226967324376332E+000	0.0000000000000000E+000	3.8819745081649537E+000	5.8910842461887505E+000	2.7048519432170939E+000	4.9471653834228302E-001	8.2756623894991543E-007	4.0111744329859733E-001 
600	6.4938687202640064E+006	2.9277303267562367E+001	-6.7226967324376332E+000	0.0000000000000000E+000	3.8819672890432027E+000	5.8911519406985020E+000	2.7049002287154726E+000	4.9461996734552555E-001	8.3530252250107188E-007	4.0111744301421970E-001 
605	6.4938687202868192E+006	2.9277303267562367E+001	-6.7226967324376332E+000	0.0000000000000000E+000	3.8819591253978909E+000	5.8912268635736842E+000	2.7049540174436868E+000	4.9451238988909729E-001	8.6172698609077218E-007	4.0111744269392441E-001 
610	6.4938687203110764E+006	2.9277303267562367E+001	-6.7226967324376332E+000	0.0000000000000000E+000	3.8819505494830211E+000	5.8913072438633289E+000	2.7050113594182492E+000	4.9439770593997207E-001	8.6897830553317594E-007	4.0111744235292729E-001 
615	6.4938687203455726E+006	2.9277303267562367E+001	-6.7226967324376332E+000	0.0000000000000000E+000	3.8819372449508274E+000	5.8914326364869556E+000	2.7051006647944500E+000	4.9421909518757079E-001	8.9262646811560551E-007	4.0111744186970610E-001 
620	6.4938687203749605E+006	2.9277303267562367E+001	-6.7226967324376332E+000	0.0000000000000000E+000	3.8819249558521247E+000	5.8915487374260627E+000	2.7051832934614088E+000	4.9405383785365287E-001	9.1856128637980380E-007	4.0111744145764278E-001 
625	6.4938687204067763E+006	2.9277303267562367E+001	-6.7226967324376332E+000	0.0000000000000000E+000	3.8819105495010935E+000	5.8916842878489213E+000	2.7052798813749002E+000	4.9386066202667039E-001	9.6345540306373592E-007	4.0111744101109259E-001 
630	6.4938687204405786E+006	2.9277303267562367E+001	-6.7226967324376332E+000	0.0000000000000000E+000	3.8818935349729804E+000	5.8918455720410998E+000	2.7053945525272152E+000	4.9363131972204066E-001	9.8890763998971633E-007	4.0111744053599280E-001 
635	6.4938687204767102E+006	2.9277303267562367E+001	-6.7226967324376332E+000	0.0000000000000000E+000	3.8818779960997478E+000	5.8919910939225728E+000	2.7054983912144173E+000	4.9342364234763592E-001	1.0493358631813724E-006	4.0111744002836397E-001 
640	6.4938687205256289E+006	2.9277303267562367E+001	-6.7226967324376332E+000	0.0000000000000000E+000	3.8818600752985271E+000	5.8921571876153145E+000	2.7056172796632292E+000	4.9318586545001214E-001	1.1375609237517408E-006	4.0111743934032479E-001 
645	6.4938687206044132E+006	2.9277303267562367E+001	-6.7226967324376332E+000	0.0000000000000000E+000	3.8818346429416719E+000	5.8923914241399409E+000	2.7057852626392522E+000	4.9284989949796598E-001	1.3586297477353826E-006	4.0111743823361201E-001 
650	6.4938687207229985E+006	2.9277303267562367E+001	-6.7226967324376332E+000	0.0000000000000000E+000	3.8818001317263269E+000	5.8927052712474302E+000	2.7060112086236883E+000	4.9239800752909407E-001	2.0662079502170472E-006	4.0111743657108179E-001 
655	6.4938687207897501E+006	2.9277303267562367E+001	-6.7226967324376332E+000	0.0000000000000000E+000	3.8817816676097130E+000	5.8928742840583661E+000	2.7061326432623822E+000	4.9215513825170587E-001	2.7895277653436984E-006	4.0111743563412439E-001 
660	6.4938687208452495E+006	2.9277303267562367E+001	-6.7226967324376332E+000	0.0000000000000000E+000	3.8817654781882225E+000	5.8930222151722331E+000	2.7062389876622985E+000	4.9194244945187365E-001	3.5368079760900302E-006	4.0111743485654938E-001 
665	6.4938687208954319E+006	2.9277303267562367E+001	-6.7226967324376332E+000	0.0000000000000000E+000	3.8817460385774467E+000	5.8932035643882532E+000	2.7063685414918592E+000	4.9168334179275242E-001	3.9693610390115394E-006	4.0111743415257489E-001 
670	6.4938687209443022E+006	2.9277303267562367E+001	-6.7226967324376332E+000	0.0000000000000000E+000	3.8817269025496408E+000	5.8933827144470108E+000	2.7064963885768507E+000	4.9142764762276947E-001	4.1887657499923683E-006	4.0111743346586232E-001 
675	6.4938687210055171E+006	2.9277303267562367E+001	-6.7226967324376332E+000	0.0000000000000000E+000	3.8817052355224133E+000	5.8935830065735928E+000	2.7066398686945963E+000	4.9114068738727823E-001	4.5991846504940158E-006	4.0111743260268040E-001 
680	6.4938687210504152E+006	2.9277303267562367E+001	-6.7226967324376332E+000	0.0000000000000000E+000	3.8816914429185032E+000	5.8937094322325052E+000	2.7067306667318727E+000	4.9095909131272536E-001	4.9444726298031333E-006	4.0111743197079208E-001 
685	6.4938687211100338E+006	2.9277303267562367E+001	-6.7226967324376332E+000	0.0000000000000000E+000	3.8816748725691341E+000	5.8938598972994880E+000	2.7068390399641018E+000	4.9074234484826745E-001	5.6426223998883178E-006	4.0111743113136977E-001 
690	6.4938687211716296E+006	2.9277303267562367E+001	-6.7226967324376332E+000	0.0000000000000000E+000	3.8816595649279244E+000	5.8939995205369655E+000	2.7069394668652604E+000	4.9054149104594991E-001	6.3982597008744964E-006	4.0111743026634333E-001 
695	6.4938687212361563E+006	2.9277303267562367E+001	-6.7226967324376332E+000	0.0000000000000000E+000	3.8816448305710725E+000	5.8941326781330341E+000	2.7070355143769977E+000	4.9034939602247524E-001	7.3495741879154169E-006	4.0111742935759021E-001 
700	6.4938687212957861E+006	2.9277303267562367E+001	-6.7226967324376332E+000	0.0000000000000000E+000	3.8816324280874013E+000	5.8942434248314486E+000	2.7071156926935482E+000	4.9018903938937419E-001	8.3425990746342271E-006	4.0111742851928139E-001 
700	6.4938687212870801E+006	2.9277303267562367E+001	-6.7226967324376332E+000	0.0000000000000000E+000	3.8816341520007689E+000	5.8942270746729823E+000	2.7071040697875799E+000	4.9021228520131060E-001	8.1935045678076736E-006	4.0111742864151967E-001 
705	6.4938687213039221E+006	2.9277303267562367E+001	-6.7226967324376332E+000	0.0000000000000000E+000	3.8816306351461747E+000	5.8942595056854215E+000	2.7071273190029879E+000	4.9016578677049538E-001	8.4817939058218550E-006	4.0111742840468823E-001 
710	6.4938687213283172E+006	2.9277303267562367E+001	-6.7226967324376332E+000	0.0000000000000000E+000	3.8816257647947885E+000	5.8943018675315386E+000	2.7071582406288184E+000	4.9010394351883363E-001	8.9069499228016877E-006	4.0111742806146489E-001 
715	6.4938687213482549E+006	2.9277303267562367E+001	-6.7226967324376332E+000	0.0000000000000000E+000	3.8816219990210881E+000	5.8943358061534656E+000	2.7071827414871827E+000	4.9005494180210513E-001	9.2724618352495328E-006	4.0111742778089482E-001 
720	6.4938687213603333E+006	2.9277303267562367E+001	-6.7226967324376332E+000	0.0000000000000000E+000	3.8816194905352361E+000	5.8943576934622035E+000	2.7071987021132560E+000	4.9002302054995878E-001	9.4810044285909333E-006	4.0111742761088587E-001 
725	6.4938687213794738E+006	2.9277303267562367E+001	-6.7226967324376332E+000	0.0000000000000000E+000	3.8816160034373746E+000	5.8943894940519810E+000	2.7072215766038688E+000	4.8997727156873333E-001	9.8069004855080800E-006	4.0111742734174111E-001 
730	6.4938687214102997E+006	2.9277303267562367E+001	-6.7226967324376332E+000	0.0000000000000000E+000	3.8816103831995621E+000	5.8944394881099100E+000	2.7072578141084565E+000	4.8990479655955771E-001	1.0402909553244490E-005	4.0111742690853469E-001 
735	6.4938687214599457E+006	2.9277303267562367E+001	-6.7226967324376332E+000	0.0000000000000000E+000	3.8816020188362415E+000	5.8945148407414472E+000	2.7073122191508676E+000	4.8979598647473555E-001	1.1484386930818456E-005	4.0111742621022189E-001 
740	6.4938687215312244E+006	2.9277303267562367E+001	-6.7226967324376332E+000	0.0000000000000000E+000	3.8815911313964593E+000	5.8946089811926896E+000	2.7073810642560519E+000	4.8965829626436741E-001	1.3200378840089709E-005	4.0111742520781674E-001 
745	6.4938687215980804E+006	2.9277303267562367E+001	-6.7226967324376332E+000	0.0000000000000000E+000	3.8815820895426221E+000	5.8946878940162444E+000	2.7074386043755045E+000	4.8954321602546208E-001	1.5246459244154465E-005	4.0111742426708730E-001 
750	6.4938687216626415E+006	2.9277303267562367E+001	-6.7226967324376332E+000	0.0000000000000000E+000	3.8815740430000316E+000	5.8947599106658952E+000	2.7074907057855104E+000	4.8943901320544969E-001	1.7838118579667747E-005	4.0111742335617306E-001 
755	6.4938687217336884E+006	2.9277303267562367E+001	-6.7226967324376332E+000	0.0000000000000000E+000	3.8815643731710008E+000	5.8948455860057942E+000	2.7075528831135216E+000	4.8931465854942746E-001	2.1661838654633751E-005	4.0111742235344622E-001 
760	6.4938687217979906E+006	2.9277303267562367E+001	-6.7226967324376332E+000	0.0000000000000000E+000	3.8815567095905776E+000	5.8949126548409261E+000	2.7076017446919347E+000	4.8921693539260147E-001	2.6519548043400973E-005	4.0111742144651524E-001 
765	6.4938687218412654E+006	2.9277303267562367E+001	-6.7226967324376332E+000	0.0000000000000000E+000	3.8815511322155114E+000	5.8949628175963573E+000	2.7076379808197819E+000	4.8914446313690640E-001	3.1267327660458970E-005	4.0111742083552154E-001 
770	6.4938687219074853E+006	2.9277303267562367E+001	-6.7226967324376332E+000	0.0000000000000000E+000	3.8815423342339064E+000	5.8950427514067689E+000	2.7076955436881978E+000	4.8902933740007476E-001	4.2165401856888728E-005	4.0111741990088756E-001 
775	6.4938687220007554E+006	2.9277303267562367E+001	-6.7226967324376332E+000	0.0000000000000000E+000	3.8815338584008745E+000	5.8951164542570833E+000	2.7077493467794187E+000	4.8892173121763360E-001	7.0198919486184587E-005	4.0111741858259858E-001 
780	6.4938687220633319E+006	2.9277303267562367E+001	-6.7226967324376332E+000	0.0000000000000000E+000	3.8815363970669403E+000	5.8950852170045422E+000	2.7077286508210157E+000	4.8896312313443924E-001	7.0253376623335417E-005	4.0111741769998266E-001 
785	6.4938687221094398E+006	2.9277303267562367E+001	-6.7226967324376332E+000	0.0000000000000000E+000	3.8815377136306126E+000	5.8950679959760794E+000	2.7077174071794410E+000	4.8898561041758903E-001	7.0489963581326758E-005	4.0111741705114401E-001 
790	6.4938687221504152E+006	2.9277303267562367E+001	-6.7226967324376332E+000	0.0000000000000000E+000	3.8815390230488167E+000	5.8950532693712363E+000	2.7077074250406112E+000	4.8900557469524830E-001	7.0521937227940545E-005	4.0111741647400279E-001 
795	6.4938687221876662E+006	2.9277303267562367E+001	-6.7226967324376332E+000	0.0000000000000000E+000	3.8815406238732364E+000	5.8950346203785911E+000	2.7076948988954497E+000	4.8903062698557098E-001	7.4589175955540327E-005	4.0111741595040651E-001 
800	6.4938687222248856E+006	2.9277303267562367E+001	-6.7226967324376332E+000	0.0000000000000000E+000	3.8815414585323382E+000	5.8950244387896857E+000	2.7076881387827925E+000	4.8904414721088579E-001	8.5134006728132891E-005	4.0111741542724477E-001 
805	6.4938687222637162E+006	2.9277303267562367E+001	-6.7226967324376332E+000	0.0000000000000000E+000	3.8815482653396991E+000	5.8949547379821503E+000	2.7076396747643035E+000	4.8914107524786349E-001	1.0276661231701966E-004	4.0111741488214386E-001 
810	6.4938687223049840E+006	2.9277303267562367E+001	-6.7226967324376332E+000	0.0000000000000000E+000	3.8815614855742107E+000	5.8948218869462732E+000	2.7075468087773413E+000	4.8932680722178779E-001	1.3927353852327394E-004	4.0111741430604947E-001 
815	6.4938687223247979E+006	2.9277303267562367E+001	-6.7226967324376332E+000	0.0000000000000000E+000	3.8815678975064416E+000	5.8947581143862564E+000	2.7075020986328719E+000	4.8941622751072711E-001	1.6227242687094111E-004	4.0111741403114959E-001 
820	6.4938687223443417E+006	2.9277303267562367E+001	-6.7226967324376332E+000	0.0000000000000000E+000	3.8815779487808606E+000	5.8946578409276187E+000	2.7074318593547138E+000	4.8955670606704327E-001	1.9354342239896112E-004	4.0111741375897453E-001 
825	6.4938687223571222E+006	2.9277303267562367E+001	-6.7226967324376332E+000	0.0000000000000000E+000	3.8815844541657381E+000	5.8945927040530126E+000	2.7073862801476558E+000	4.8964786448115932E-001	2.1764675317777183E-004	4.0111741358157366E-001 
830	6.4938687223686231E+006	2.9277303267562367E+001	-6.7226967324376332E+000	0.0000000000000000E+000	3.8815905887603743E+000	5.8945322621378367E+000	2.7073437900007966E+000	4.8973284477487733E-001	2.4118175437208629E-004	4.0111741342208546E-001 
835	6.4938687223852156E+006	2.9277303267562367E+001	-6.7226967324376332E+000	0.0000000000000000E+000	3.8815997127149999E+000	5.8944420133734781E+000	2.7072804177093652E+000	4.8985958935773988E-001	2.7916436565034804E-004	4.0111741319210392E-001 
840	6.4938687223996660E+006	2.9277303267562367E+001	-6.7226967324376332E+000	0.0000000000000000E+000	3.8816072047039056E+000	5.8943694613813804E+000	2.7072291577355054E+000	4.8996210930545980E-001	3.0153775962888551E-004	4.0111741299228904E-001 
845	6.4938687224130621E+006	2.9277303267562367E+001	-6.7226967324376332E+000	0.0000000000000000E+000	3.8816121988809051E+000	5.8943202653067104E+000	2.7071945713441714E+000	4.9003128208812796E-001	3.2922332235085902E-004	4.0111741280764546E-001 
850	6.4938687224245965E+006	2.9277303267562367E+001	-6.7226967324376332E+000	0.0000000000000000E+000	3.8816160294771160E+000	5.8942839641118789E+000	2.7071687595543343E+000	4.9008290566780155E-001	3.4214518450032823E-004	4.0111741264851070E-001 
855	6.4938687224324774E+006	2.9277303267562367E+001	-6.7226967324376332E+000	0.0000000000000000E+000	3.8816180385995684E+000	5.8942638103337561E+000	2.7071546644203672E+000	4.9011109593573643E-001	3.4532535511817722E-004	4.0111741253993222E-001 
860	6.4938687224434558E+006	2.9277303267562367E+001	-6.7226967324376332E+000	0.0000000000000000E+000	3.8816171032039164E+000	5.8942758076701116E+000	2.7071625338798495E+000	4.9009535701677148E-001	3.3324760173488864E-004	4.0111741238884080E-001 
865	6.4938687224548049E+006	2.9277303267562367E+001	-6.7226967324376332E+000	0.0000000000000000E+000	3.8816153703314260E+000	5.8942938194156609E+000	2.7071750054976049E+000	4.9007041378126076E-001	3.1448617192991393E-004	4.0111741223202163E-001 
870	6.4938687224688837E+006	2.9277303267562367E+001	-6.7226967324376332E+000	0.0000000000000000E+000	3.8816147395655287E+000	5.8943006679716312E+000	2.7071796913073851E+000	4.9006104216170049E-001	2.9907737842732650E-004	4.0111741203747819E-001 
875	6.4938687224736437E+006	2.9277303267562367E+001	-6.7226967324376332E+000	0.0000000000000000E+000	3.8816147754814208E+000	5.8943004679946700E+000	2.7071795194871200E+000	4.9006138580223091E-001	2.9751225992105212E-004	4.0111741197182949E-001 
880	6.4938687224776214E+006	2.9277303267562367E+001	-6.7226967324376332E+000	0.0000000000000000E+000	3.8816156469657974E+000	5.8942910018883241E+000	2.7071730434651937E+000	4.9007433784608329E-001	3.0101341690610674E-004	4.0111741191690709E-001 
885	6.4938687224840289E+006	2.9277303267562367E+001	-6.7226967324376332E+000	0.0000000000000000E+000	3.8816175886912720E+000	5.8942712534242441E+000	2.7071592857822049E+000	4.9010185321206107E-001	3.0629960778779378E-004	4.0111741182834598E-001 
890	6.4938687224943470E+006	2.9277303267562367E+001	-6.7226967324376332E+000	0.0000000000000000E+000	3.8816224006528910E+000	5.8942223477810529E+000	2.7071252090373705E+000	4.9017000670172961E-001	3.2624815436796612E-004	4.0111741168585752E-001 
895	6.4938687225098778E+006	2.9277303267562367E+001	-6.7226967324376332E+000	0.0000000000000000E+000	3.8816323786181228E+000	5.8941243336631581E+000	2.7070562460479599E+000	4.9030793268055106E-001	4.0325938804345511E-004	4.0111741147154661E-001 
900	6.4938687225240907E+006	2.9277303267562367E+001	-6.7226967324376332E+000	0.0000000000000000E+000	3.8816437421103309E+000	5.8940120512171283E+000	2.7069773778405297E+000	4.9046566909541156E-001	4.8897552539366672E-004	4.0111741127573020E-001 
905	6.4938687225374216E+006	2.9277303267562367E+001	-6.7226967324376332E+000	0.0000000000000000E+000	3.8816578941386406E+000	5.8938712928510180E+000	2.7068786946008547E+000	4.9066303557476099E-001	6.1689466860030695E-004	4.0111741109271826E-001 
910	6.4938687225487512E+006	2.9277303267562367E+001	-6.7226967324376332E+000	0.0000000000000000E+000	3.8816722026036281E+000	5.8937312708348824E+000	2.7067800666628115E+000	4.9086029145084797E-001	8.1233174437065009E-004	4.0111741093773123E-001 
915	6.4938687225570176E+006	2.9277303267562367E+001	-6.7226967324376332E+000	0.0000000000000000E+000	3.8816894493902150E+000	5.8935587365323245E+000	2.7066593059383592E+000	4.9110181289975252E-001	1.1912008824674033E-003	4.0111741082494096E-001 
920	6.4938687225625999E+006	2.9277303267562367E+001	-6.7226967324376332E+000	0.0000000000000000E+000	3.8816949402759380E+000	5.8935064426603274E+000	2.7066221772309143E+000	4.9117607031464267E-001	1.2854900715610971E-003	4.0111741074899554E-001 
925	6.4938687225668067E+006	2.9277303267562367E+001	-6.7226967324376332E+000	0.0000000000000000E+000	3.8817024682739940E+000	5.8934323794427135E+000	2.7065700896259961E+000	4.9128024552447863E-001	1.3039284682627842E-003	4.0111741069186668E-001 
930	6.4938687225697832E+006	2.9277303267562367E+001	-6.7226967324376332E+000	0.0000000000000000E+000	3.8817068172414699E+000	5.8933888908664818E+000	2.7065396474029271E+000	4.9134112997061669E-001	1.2139260192108783E-003	4.0111741065153139E-001 
935	6.4938687225726545E+006	2.9277303267562367E+001	-6.7226967324376332E+000	0.0000000000000000E+000	3.8817116124820630E+000	5.8933433256071011E+000	2.7065072742920515E+000	4.9140587619236742E-001	1.0105996741788044E-003	4.0111741061262696E-001 
940	6.4938687225753162E+006	2.9277303267562367E+001	-6.7226967324376332E+000	0.0000000000000000E+000	3.8817169404848268E+000	5.8932890915153955E+000	2.7064695012406705E+000	4.9148142229512987E-001	8.8739221974766459E-004	4.0111741057655842E-001 
945	6.4938687225778215E+006	2.9277303267562367E+001	-6.7226967324376332E+000	0.0000000000000000E+000	3.8817219264460219E+000	5.8932402812432665E+000	2.7064351241822160E+000	4.9155017641203830E-001	8.7241957273307281E-004	4.0111741054266414E-001 
950	6.4938687225801619E+006	2.9277303267562367E+001	-6.7226967324376332E+000	0.0000000000000000E+000	3.8817251541829196E+000	5.8932100302062356E+000	2.7064135431899055E+000	4.9159333839665986E-001	8.9848643392811272E-004	4.0111741051102728E-001 
955	6.4938687225823710E+006	2.9277303267562367E+001	-6.7226967324376332E+000	0.0000000000000000E+000	3.8817286101605624E+000	5.8931758614183893E+000	2.7063895468406969E+000	4.9164133109507707E-001	9.3304241576854701E-004	4.0111741048115551E-001 
960	6.4938687225842131E+006	2.9277303267562367E+001	-6.7226967324376332E+000	0.0000000000000000E+000	3.8817323426698578E+000	5.8931385115744428E+000	2.7063634069001319E+000	4.9169361097620712E-001	9.7780451405705330E-004	4.0111741045628746E-001 
965	6.4938687225864790E+006	2.9277303267562367E+001	-6.7226967324376332E+000	0.0000000000000000E+000	3.8817373378473241E+000	5.8930885698935374E+000	2.7063284457047474E+000	4.9176353336697570E-001	1.0608570605103878E-003	4.0111741042569571E-001 
970	6.4938687225887505E+006	2.9277303267562367E+001	-6.7226967324376332E+000	0.0000000000000000E+000	3.8817431489375034E+000	5.8930315486667908E+000	2.7062883129110156E+000	4.9184379895444003E-001	1.1899711585946899E-003	4.0111741039508175E-001 
975	6.4938687225910807E+006	2.9277303267562367E+001	-6.7226967324376332E+000	0.0000000000000000E+000	3.8817487130010377E+000	5.8929767011449199E+000	2.7062497610230105E+000	4.9192090273044964E-001	1.3255359914557318E-003	4.0111741036376214E-001 
980	6.4938687225928577E+006	2.9277303267562367E+001	-6.7226967324376332E+000	0.0000000000000000E+000	3.8817527825160445E+000	5.8929356620973650E+000	2.7062211024692200E+000	4.9197821983803114E-001	1.5193243400235122E-003	4.0111741033989040E-001 
985	6.4938687225941205E+006	2.9277303267562367E+001	-6.7226967324376332E+000	0.0000000000000000E+000	3.8817561711031581E+000	5.8929036386978844E+000	2.7061983135952530E+000	4.9202379758596437E-001	1.6855539184134701E-003	4.0111741032295845E-001 
990	6.4938687225952223E+006	2.9277303267562367E+001	-6.7226967324376332E+000	0.0000000000000000E+000	3.8817619235938188E+000	5.8928438620889869E+000	2.7061569203094820E+000	4.9210658415750669E-001	1.8602404100343886E-003	4.0111741030816200E-001 
995	6.4938687225959664E+006	2.9277303267562367E+001	-6.7226967324376332E+000	0.0000000000000000E+000	3.8817671297967595E+000	5.8927908978365631E+000	2.7061200257773885E+000	4.9218037322169328E-001	2.0142610753126769E-003	4.0111741029818643E-001 
1000	6.4938687225967832E+006	2.9277303267562367E+001	-6.7226967324376332E+000	0.0000000000000000E+000	3.8817706904685947E+000	5.8927561507294266E+000	2.7060955308801513E+000	4.9222936301616815E-001	2.2033766610409381E-003	4.0111741028724573E-001 
1005	6.4938687225973941E+006	2.9277303267562367E+001	-6.7226967324376332E+000	0.0000000000000000E+000	3.8817716228111938E+000	5.8927465657449556E+000	2.7060888737027162E+000	4.9224267737103861E-001	2.2683878322991079E-003	4.0111741027905790E-001 
1010	6.4938687225979473E+006	2.9277303267562367E+001	-6.7226967324376332E+000	0.0000000000000000E+000	3.8817724846274544E+000	5.8927384761589972E+000	2.7060831052772159E+000	4.9225421422203913E-001	2.3327346722593787E-003	4.0111741027166159E-001 
1015	6.4938687225985853E+006	2.9277303267562367E+001	-6.7226967324376332E+000	0.0000000000000000E+000	3.8817749043633674E+000	5.8927149737054343E+000	2.7060665145786094E+000	4.9228739561925183E-001	2.4318924237170005E-003	4.0111741026313930E-001 
1020	6.4938687225993052E+006	2.9277303267562367E+001	-6.7226967324376332E+000	0.0000000000000000E+000	3.8817779421383678E+000	5.8926854239981648E+000	2.7060456641749728E+000	4.9232909642652478E-001	2.5275233186156528E-003	4.0111741025352660E-001 
1025	6.4938687225998715E+006	2.9277303267562367E+001	-6.7226967324376332E+000	0.0000000000000000E+000	3.8817790358619648E+000	5.8926747512566076E+000	2.7060381403570006E+000	4.9234414406246957E-001	2.5897494986679638E-003	4.0111741024596925E-001 
1030	6.4938687226006491E+006	2.9277303267562367E+001	-6.7226967324376332E+000	0.0000000000000000E+000	3.8817803118742149E+000	5.8926616897546396E+000	2.7060290575815160E+000	4.9236230961343885E-001	2.7667418383022055E-003	4.0111741023559855E-001 
1035	6.4938687226017211E+006	2.9277303267562367E+001	-6.7226967324376332E+000	0.0000000000000000E+000	3.8817829285486840E+000	5.8926376623468792E+000	2.7060118105286977E+000	4.9239680371907574E-001	3.2634826150656085E-003	4.0111741022131969E-001 
1040	6.4938687226026002E+006	2.9277303267562367E+001	-6.7226967324376332E+000	0.0000000000000000E+000	3.8817868997422558E+000	5.8925976609091952E+000	2.7059838674227126E+000	4.9245268993104546E-001	3.5148752868130579E-003	4.0111741020961444E-001 
1045	6.4938687226033397E+006	2.9277303267562367E+001	-6.7226967324376332E+000	0.0000000000000000E+000	3.8817933270873994E+000	5.8925309523131837E+000	2.7059376584344195E+000	4.9254510790763217E-001	3.7924463783641500E-003	4.0111741019976560E-001 
1050	6.4938687226040168E+006	2.9277303267562367E+001	-6.7226967324376332E+000	0.0000000000000000E+000	3.8818006896639137E+000	5.8924554784286451E+000	2.7058851963391213E+000	4.9265003209822772E-001	3.9414056714959841E-003	4.0111741019076358E-001 
1055	6.4938687226048075E+006	2.9277303267562367E+001	-6.7226967324376332E+000	0.0000000000000000E+000	3.8818068484853656E+000	5.8923939579075721E+000	2.7058421184356809E+000	4.9273618790510942E-001	4.2307900115456428E-003	4.0111741018026986E-001 
1060	6.4938687226057323E+006	2.9277303267562367E+001	-6.7226967324376332E+000	0.0000000000000000E+000	3.8818104056688769E+000	5.8923591394046140E+000	2.7058175948171792E+000	4.9278523514211192E-001	4.8990683883823700E-003	4.0111741016807823E-001 
1065	6.4938687226062436E+006	2.9277303267562367E+001	-6.7226967324376332E+000	0.0000000000000000E+000	3.8818129032370310E+000	5.8923334015604727E+000	2.7057997307588013E+000	4.9282096325886809E-001	5.1461411470335224E-003	4.0111741016145597E-001 
1070	6.4938687226063050E+006	2.9277303267562367E+001	-6.7226967324376332E+000	0.0000000000000000E+000	3.8818133908667951E+000	5.8923298087814464E+000	2.7057969591097590E+000	4.9282650655695243E-001	5.1514759974008685E-003	4.0111741016066221E-001 
1075	6.4938687226063823E+006	2.9277303267562367E+001	-6.7226967324376332E+000	0.0000000000000000E+000	3.8818137973993361E+000	5.8923241326022087E+000	2.7057933079550591E+000	4.9283380886635231E-001	5.2085009251506250E-003	4.0111741015964580E-001 
1080	6.4938687226064261E+006	2.9277303267562367E+001	-6.7226967324376332E+000	0.0000000000000000E+000	3.8818141308729448E+000	5.8923214395571417E+000	2.7057912944853069E+000	4.9283783580585727E-001	5.2307764421488960E-003	4.0111741015905317E-001 
1085	6.4938687226064624E+006	2.9277303267562367E+001	-6.7226967324376332E+000	0.0000000000000000E+000	3.8818144651405180E+000	5.8923182832335321E+000	2.7057890477883570E+000	4.9284232919975685E-001	5.2457646058541576E-003	4.0111741015855873E-001 
1090	6.4938687226065230E+006	2.9277303267562367E+001	-6.7226967324376332E+000	0.0000000000000000E+000	3.8818149224565923E+000	5.8923137612151555E+000	2.7057858721470192E+000	4.9284868048243202E-001	5.2840766326968259E-003	4.0111741015776092E-001 
1090	6.4938687226065127E+006	2.9277303267562367E+001	-6.7226967324376332E+000	0.0000000000000000E+000	3.8818148237256054E+000	5.8923143246656515E+000	2.7057863513342411E+000	4.9284772210798888E-001	5.2773235323918307E-003	4.0111741015789976E-001 
1095	6.4938687226065323E+006	2.9277303267562367E+001	-6.7226967324376332E+000	0.0000000000000000E+000	3.8818150459014888E+000	5.8923132186817435E+000	2.7057853539905210E+000	4.9284971679542877E-001	5.2824657015692993E-003	4.0111741015763158E-001 
1100	6.4938687226065611E+006	2.9277303267562367E+001	-6.7226967324376332E+000	0.0000000000000000E+000	3.8818152969307653E+000	5.8923106024987701E+000	2.7057835438404818E+000	4.9285333709550710E-001	5.2976436880336156E-003	4.0111741015724345E-001 
1105	6.4938687226066077E+006	2.9277303267562367E+001	-6.7226967324376332E+000	0.0000000000000000E+000	3.8818156497887673E+000	5.8923064769282743E+000	2.7057807753392282E+000	4.9285887409801432E-001	5.3225795287880628E-003	4.0111741015661867E-001 
1110	6.4938687226066831E+006	2.9277303267562367E+001	-6.7226967324376332E+000	0.0000000000000000E+000	3.8818163596546529E+000	5.8922995820387438E+000	2.7057759081626926E+000	4.9286860845108549E-001	5.3606642126616854E-003	4.0111741015561175E-001 
1115	6.4938687226068061E+006	2.9277303267562367E+001	-6.7226967324376332E+000	0.0000000000000000E+000	3.8818175606233618E+000	5.8922872151396399E+000	2.7057673227757233E+000	4.9288577922502413E-001	5.4478243656206245E-003	4.0111741015399172E-001 
1120	6.4938687226068834E+006	2.9277303267562367E+001	-6.7226967324376332E+000	0.0000000000000000E+000	3.8818183609236319E+000	5.8922784637827084E+000	2.7057613464967170E+000	4.9289773178303653E-001	5.4936117103440308E-003	4.0111741015297669E-001 
1125	6.4938687226069383E+006	2.9277303267562367E+001	-6.7226967324376332E+000	0.0000000000000000E+000	3.8818189804491250E+000	5.8922724424797410E+000	2.7057570967942470E+000	4.9290623118797683E-001	5.5329092706396833E-003	4.0111741015225899E-001 
1130	6.4938687226070240E+006	2.9277303267562367E+001	-6.7226967324376332E+000	0.0000000000000000E+000	3.8818200902700744E+000	5.8922623093856732E+000	2.7057498106053148E+000	4.9292080356584084E-001	5.5991210729524317E-003	4.0111741015110453E-001 
1135	6.4938687226071646E+006	2.9277303267562367E+001	-6.7226967324376332E+000	0.0000000000000000E+000	3.8818218396415505E+000	5.8922435285372599E+000	2.7057369214381564E+000	4.9294658190015833E-001	5.7517160651503266E-003	4.0111741014924590E-001 
1140	6.4938687226073910E+006	2.9277303267562367E+001	-6.7226967324376332E+000	0.0000000000000000E+000	3.8818249913030503E+000	5.8922115409093925E+000	2.7057146243012227E+000	4.9299117617402527E-001	5.9384907543880089E-003	4.0111741014625180E-001 
1145	6.4938687226074748E+006	2.9277303267562367E+001	-6.7226967324376332E+000	0.0000000000000000E+000	3.8818261617018313E+000	5.8921996238768521E+000	2.7057063249873905E+000	4.9300777480168995E-001	6.3337466959840893E-003	4.0111741014516517E-001 
1150	6.4938687226075847E+006	2.9277303267562367E+001	-6.7226967324376332E+000	0.0000000000000000E+000	3.8818277825481515E+000	5.8921827275261993E+000	2.7056946351194222E+000	4.9303115453762580E-001	6.4360837947468668E-003	4.0111741014370622E-001 
1155	6.4938687226077002E+006	2.9277303267562367E+001	-6.7226967324376332E+000	0.0000000000000000E+000	3.8818292306617179E+000	5.8921672787263910E+000	2.7056840144923862E+000	4.9305239579169841E-001	7.0194031080860440E-003	4.0111741014226537E-001 
1160	6.4938687226077514E+006	2.9277303267562367E+001	-6.7226967324376332E+000	0.0000000000000000E+000	3.8818298034195680E+000	5.8921630034292116E+000	2.7056807313280964E+000	4.9305896212027805E-001	7.5193595254897374E-003	4.0111741014161056E-001 
1165	6.4938687226078063E+006	2.9277303267562367E+001	-6.7226967324376332E+000	0.0000000000000000E+000	3.8818305047469881E+000	5.8921545859100357E+000	2.7056751199136673E+000	4.9307018494913574E-001	7.5832296518999294E-003	4.0111741014087327E-001 
1170	6.4938687226078967E+006	2.9277303267562367E+001	-6.7226967324376332E+000	0.0000000000000000E+000	3.8818313446214439E+000	5.8921475301878052E+000	2.7056699123036414E+000	4.9308060016918792E-001	7.7881308225388277E-003	4.0111741013968677E-001 
1175	6.4938687226079879E+006	2.9277303267562367E+001	-6.7226967324376332E+000	0.0000000000000000E+000	3.8818321365640114E+000	5.8921390919761185E+000	2.7056641093126639E+000	4.9309220615114280E-001	8.0430091681092785E-003	4.0111741013845920E-001 
1180	6.4938687226080745E+006	2.9277303267562367E+001	-6.7226967324376332E+000	0.0000000000000000E+000	3.8818329559320746E+000	5.8921306389868020E+000	2.7056582440818797E+000	4.9310393661271151E-001	8.2629232026507540E-003	4.0111741013730223E-001 
1185	6.4938687226081258E+006	2.9277303267562367E+001	-6.7226967324376332E+000	0.0000000000000000E+000	3.8818330636555296E+000	5.8921297030620403E+000	2.7056575606725870E+000	4.9310530343129638E-001	8.7543984763609282E-003	4.0111741013662128E-001 
1190	6.4938687226081546E+006	2.9277303267562367E+001	-6.7226967324376332E+000	0.0000000000000000E+000	3.8818334204722857E+000	5.8921270676966291E+000	2.7056555293563704E+000	4.9310936606373013E-001	8.8798036201318976E-003	4.0111741013622465E-001 
1195	6.4938687226082049E+006	2.9277303267562367E+001	-6.7226967324376332E+000	0.0000000000000000E+000	3.8818334457127239E+000	5.8921249983852464E+000	2.7056544442198009E+000	4.9311153633686883E-001	9.1225194500073308E-003	4.0111741013558627E-001 
1200	6.4938687226082776E+006	2.9277303267562367E+001	-6.7226967324376332E+000	0.0000000000000000E+000	3.8818340591210592E+000	5.8921198485768160E+000	2.7056506424989171E+000	4.9311913977863658E-001	9.7035824183713277E-003	4.0111741013462532E-001 
1205	6.4938687226083409E+006	2.9277303267562367E+001	-6.7226967324376332E+000	0.0000000000000000E+000	3.8818345744390848E+000	5.8921148650104742E+000	2.7056471200796937E+000	4.9312618461708335E-001	1.0105652501302681E-002	4.0111741013377911E-001 
1210	6.4938687226083819E+006	2.9277303267562367E+001	-6.7226967324376332E+000	0.0000000000000000E+000	3.8818349168730206E+000	5.8921116803598377E+000	2.7056448428865050E+000	4.9313073900346088E-001	1.0719445730334778E-002	4.0111741013323415E-001 
1215	6.4938687226084303E+006	2.9277303267562367E+001	-6.7226967324376332E+000	0.0000000000000000E+000	3.8818351928214558E+000	5.8921079274580741E+000	2.7056424145387523E+000	4.9313559569896653E-001	1.1304061602325905E-002	4.0111741013260660E-001 
1220	6.4938687226084759E+006	2.9277303267562367E+001	-6.7226967324376332E+000	0.0000000000000000E+000	3.8818354861315187E+000	5.8921045543675312E+000	2.7056401413733542E+000	4.9314014202976275E-001	1.1950152951418245E-002	4.0111741013200530E-001 
1225	6.4938687226085020E+006	2.9277303267562367E+001	-6.7226967324376332E+000	0.0000000000000000E+000	3.8818357105029664E+000	5.8921032279967740E+000	2.7056390294450798E+000	4.9314236588631088E-001	1.2657248167505498E-002	4.0111741013169433E-001 
1230	6.4938687226085123E+006	2.9277303267562367E+001	-6.7226967324376332E+000	0.0000000000000000E+000	3.8818357152042449E+000	5.8921020605458931E+000	2.7056384363170829E+000	4.9314355214230454E-001	1.2733176228331819E-002	4.0111741013155089E-001 
1235	6.4938687226085300E+006	2.9277303267562367E+001	-6.7226967324376332E+000	0.0000000000000000E+000	3.8818358889857132E+000	5.8921010093283606E+000	2.7056375631453795E+000	4.9314529848571148E-001	1.2984647692326762E-002	4.0111741013132007E-001 
1240	6.4938687226085523E+006	2.9277303267562367E+001	-6.7226967324376332E+000	0.0000000000000000E+000	3.8818360065140745E+000	5.8920989932957495E+000	2.7056363200723519E+000	4.9314778463176706E-001	1.3687033819052180E-002	4.0111741013103763E-001 
1245	6.4938687226085570E+006	2.9277303267562367E+001	-6.7226967324376332E+000	0.0000000000000000E+000	3.8818361795685106E+000	5.8920990516037657E+000	2.7056360031174886E+000	4.9314841854149344E-001	1.3787189516598769E-002	4.0111741013099722E-001 
1250	6.4938687226085616E+006	2.9277303267562367E+001	-6.7226967324376332E+000	0.0000000000000000E+000	3.8818361078623553E+000	5.8920986881554951E+000	2.7056359648056638E+000	4.9314849516514275E-001	1.3932868225135427E-002	4.0111741013094271E-001 
1255	6.4938687226085681E+006	2.9277303267562367E+001	-6.7226967324376332E+000	0.0000000000000000E+000	3.8818361816602125E+000	5.8920985321888999E+000	2.7056357392266515E+000	4.9314894632316814E-001	1.4147917106232501E-002	4.0111741013085517E-001 
1260	6.4938687226085765E+006	2.9277303267562367E+001	-6.7226967324376332E+000	0.0000000000000000E+000	3.8818363066753245E+000	5.8920975615929825E+000	2.7056350038984696E+000	4.9315041697953171E-001	1.4494561800668033E-002	4.0111741013074237E-001 
1265	6.4938687226085877E+006	2.9277303267562367E+001	-6.7226967324376332E+000	0.0000000000000000E+000	3.8818363501189403E+000	5.8920965368882019E+000	2.7056344046588476E+000	4.9315161545877556E-001	1.5099742924334726E-002	4.0111741013058738E-001 
1270	6.4938687226085933E+006	2.9277303267562367E+001	-6.7226967324376332E+000	0.0000000000000000E+000	3.8818364177018063E+000	5.8920962542364421E+000	2.7056341281672345E+000	4.9315216844200216E-001	1.5488196343805535E-002	4.0111741013049768E-001 
1275	6.4938687226086017E+006	2.9277303267562367E+001	-6.7226967324376332E+000	0.0000000000000000E+000	3.8818364955530522E+000	5.8920954471652518E+000	2.7056335689291484E+000	4.9315328691817395E-001	1.5946434464934309E-002	4.0111741013039443E-001 
1280	6.4938687226086147E+006	2.9277303267562367E+001	-6.7226967324376332E+000	0.0000000000000000E+000	3.8818366173067282E+000	5.8920947489904929E+000	2.7056329763344169E+000	4.9315447210763691E-001	1.7036305091683430E-002	4.0111741013022817E-001 
1285	6.4938687226086259E+006	2.9277303267562367E+001	-6.7226967324376332E+000	0.0000000000000000E+000	3.8818367226529267E+000	5.8920933866084928E+000	2.7056320844510191E+000	4.9315625587443251E-001	1.8562344568935178E-002	4.0111741013008351E-001 
1290	6.4938687226086305E+006	2.9277303267562367E+001	-6.7226967324376332E+000	0.0000000000000000E+000	3.8818367293088820E+000	5.8920933360268766E+000	2.7056320458483007E+000	4.9315633307986895E-001	1.9384650774020344E-002	4.0111741013001501E-001 
1295	6.4938687226086324E+006	2.9277303267562367E+001	-6.7226967324376332E+000	0.0000000000000000E+000	3.8818367347203204E+000	5.8920928589991481E+000	2.7056317965115597E+000	4.9315683175335140E-001	2.0056552971002173E-002	4.0111741012996538E-001 
1300	6.4938687226086324E+006	2.9277303267562367E+001	-6.7226967324376332E+000	0.0000000000000000E+000	3.8818366891690075E+000	5.8920925711458905E+000	2.7056317436875572E+000	4.9315693740135630E-001	2.0246134314565730E-002	4.0111741012995100E-001 
1305	6.4938687226086324E+006	2.9277303267562367E+001	-6.7226967324376332E+000	0.0000000000000000E+000	3.8818367399060878E+000	5.8920924896207252E+000	2.7056316014508126E+000	4.9315722187484540E-001	2.0548396952893573E-002	4.0111741012992919E-001 
1310	6.4938687226086352E+006	2.9277303267562367E+001	-6.7226967324376332E+000	0.0000000000000000E+000	3.8818367427541935E+000	5.8920918407780123E+000	2.7056312713332451E+000	4.9315788210998029E-001	2.1392467017671796E-002	4.0111741012989399E-001 
1315	6.4938687226086399E+006	2.9277303267562367E+001	-6.7226967324376332E+000	0.0000000000000000E+000	3.8818367935573184E+000	5.8920914671218032E+000	2.7056309828988914E+000	4.9315845897868771E-001	2.2393509576354630E-002	4.0111741012984048E-001 
1320	6.4938687226086454E+006	2.9277303267562367E+001	-6.7226967324376332E+000	0.0000000000000000E+000	3.8818368570364119E+000	5.8920915170135544E+000	2.7056308808865799E+000	4.9315866300331057E-001	2.3908274590631603E-002	4.0111741012978219E-001 
1325	6.4938687226086510E+006	2.9277303267562367E+001	-6.7226967324376332E+000	0.0000000000000000E+000	3.8818634402580887E+000	5.8919700870802414E+000	2.7055169994765702E+000	4.9338642582333059E-001	2.7124882358951042E-002	4.0111740474291885E-001 
1330	6.4938687226086548E+006	2.9277303267562367E+001	-6.7226967324376332E+000	0.0000000000000000E+000	3.8818705975756980E+000	5.8919988679597308E+000	2.7055170752810964E+000	4.9338627421427816E-001	3.1789546444723919E-002	4.0111740474290525E-001 
1335	6.4938687226086548E+006	2.9277303267562367E+001	-6.7226967324376332E+000	0.0000000000000000E+000	3.8818710947878659E+000	5.8920008888897595E+000	2.7055170913217750E+000	4.9338624213292093E-001	3.2869438524006207E-002	4.0111740474290525E-001 
1336	6.4938687226086548E+006	2.9277303267562367E+001	-6.7226967324376332E+000	0.0000000000000000E+000	3.8818711988673540E+000	5.8920013345747417E+000	2.7055171060052885E+000	4.9338621276589401E-001	3.3029649809924053E-002	4.0111740474290525E-001 
